ccode1,country1,ccode2,country2,year,imp,places,currency,xr_gfd,xr_gfd_trade
368,Lithuania,130,Ecuador,1925,0,1000,,9.877367,9.877367
368,Lithuania,100,Colombia,1925,0,1000,,9.877367,9.877367
368,Lithuania,395,Iceland,1925,0,1000,,9.877367,9.877367
368,Lithuania,652,Syria,1925,0,1000,,9.877367,9.877367
368,Lithuania,225,Switzerland,1925,1621,1000,,9.877367,9.877367
368,Lithuania,365,Russia,1925,4113.8,1000,,9.877367,9.877367
368,Lithuania,615,Algeria,1925,0,1000,,9.877367,9.877367
368,Lithuania,90,Guatemala,1925,0,1000,,9.877367,9.877367
368,Lithuania,410,Canary Islands,1925,0,1000,,9.877367,9.877367
368,Lithuania,42,Dominican Republic,1925,0,1000,,9.877367,9.877367
368,Lithuania,110,Guyana,1925,0,1000,,9.877367,9.877367
368,Lithuania,681,Aden,1925,0,1000,,9.877367,9.877367
368,Lithuania,165,Uruguay,1925,0,1000,,9.877367,9.877367
368,Lithuania,541,Mozambique,1925,0,1000,,9.877367,9.877367
368,Lithuania,94,Costa Rica,1925,0,1000,,9.877367,9.877367
368,Lithuania,350,Greece,1925,0,1000,,9.877367,9.877367
368,Lithuania,93,Nicaragua,1925,0,1000,,9.877367,9.877367
368,Lithuania,540,Angola,1925,0,1000,,9.877367,9.877367
368,Lithuania,70,Mexico,1925,0,1000,,9.877367,9.877367
368,Lithuania,235,Portugal,1925,0,1000,,9.877367,9.877367
368,Lithuania,675,Arabia,1925,0,1000,,9.877367,9.877367
368,Lithuania,205,Ireland,1925,0,1000,,9.877367,9.877367
368,Lithuania,530,Ethiopia,1925,0,1000,,9.877367,9.877367
368,Lithuania,220,France,1925,2932.4,1000,,9.877367,9.877367
368,Lithuania,380,Sweden,1925,8876.299999999999,1000,,9.877367,9.877367
368,Lithuania,4,Hawaii,1925,0,1000,,9.877367,9.877367
368,Lithuania,8151,Cochin China,1925,0,1000,,9.877367,9.877367
368,Lithuania,490,"Congo, Dem. Republic",1925,0,1000,,9.877367,9.877367
368,Lithuania,360,Romania,1925,0,1000,,9.877367,9.877367
368,Lithuania,920,New Zealand,1925,0,1000,,9.877367,9.877367
368,Lithuania,900,Australia,1925,0,1000,,9.877367,9.877367
368,Lithuania,651,Egypt,1925,0,1000,,9.877367,9.877367
368,Lithuania,230,Spain,1925,0,1000,,9.877367,9.877367
368,Lithuania,20,Canada,1925,0,1000,,9.877367,9.877367
368,Lithuania,2,United States,1925,18310.8,1000,,9.877367,9.877367
368,Lithuania,101,Venezuela,1925,0,1000,,9.877367,9.877367
368,Lithuania,200,United Kingdom,1925,20917.4,1000,,9.877367,9.877367
368,Lithuania,211,Belgium,1925,2488.3,1000,,9.877367,9.877367
368,Lithuania,375,Finland,1925,1106.1,1000,,9.877367,9.877367
368,Lithuania,720,Hong Kong,1925,0,1000,,9.877367,9.877367
368,Lithuania,160,Argentina,1925,0,1000,,9.877367,9.877367
368,Lithuania,155,Chile,1925,0,1000,,9.877367,9.877367
368,Lithuania,367,Latvia,1925,13789.5,1000,,9.877367,9.877367
368,Lithuania,640,Turkey,1925,0,1000,,9.877367,9.877367
368,Lithuania,710,China,1925,0,1000,,9.877367,9.877367
368,Lithuania,315,Czechoslovakia,1925,13849.1,1000,,9.877367,9.877367
368,Lithuania,352,Cyprus,1925,0,1000,,9.877367,9.877367
368,Lithuania,140,Brazil,1925,0,1000,,9.877367,9.877367
368,Lithuania,51,Jamaica,1925,0,1000,,9.877367,9.877367
368,Lithuania,511,Zanzibar,1925,0,1000,,9.877367,9.877367
368,Lithuania,800,Thailand,1925,0,1000,,9.877367,9.877367
368,Lithuania,630,Iran,1925,0,1000,,9.877367,9.877367
368,Lithuania,6,Puerto Rico,1925,0,1000,,9.877367,9.877367
368,Lithuania,580,Madagascar,1925,0,1000,,9.877367,9.877367
368,Lithuania,665,West Bank And Gaza,1925,0,1000,,9.877367,9.877367
368,Lithuania,750,India,1925,0,1000,,9.877367,9.877367
368,Lithuania,210,Netherlands,1925,4802.2,1000,,9.877367,9.877367
368,Lithuania,740,Japan,1925,0,1000,,9.877367,9.877367
368,Lithuania,625,Sudan,1925,0,1000,,9.877367,9.877367
368,Lithuania,305,Austria,1925,0,1000,,9.877367,9.877367
368,Lithuania,510,Tanzania,1925,0,1000,,9.877367,9.877367
368,Lithuania,150,Paraguay,1925,0,1000,,9.877367,9.877367
368,Lithuania,645,Iraq,1925,0,1000,,9.877367,9.877367
368,Lithuania,56,St. Lucia,1925,0,1000,,9.877367,9.877367
368,Lithuania,92,El Salvador,1925,0,1000,,9.877367,9.877367
368,Lithuania,1065,Curacao,1925,0,1000,,9.877367,9.877367
368,Lithuania,55,Grenada,1925,0,1000,,9.877367,9.877367
368,Lithuania,41,Haiti,1925,0,1000,,9.877367,9.877367
368,Lithuania,385,Norway,1925,0,1000,,9.877367,9.877367
368,Lithuania,135,Peru,1925,0,1000,,9.877367,9.877367
368,Lithuania,40,Cuba,1925,0,1000,,9.877367,9.877367
368,Lithuania,,,1925,265645.3,1000,,9.877367,9.877367
368,Lithuania,255,Germany,1925,143044.5,1000,,9.877367,9.877367
368,Lithuania,355,Bulgaria,1925,0,1000,,9.877367,9.877367
368,Lithuania,366,Estonia,1925,1668.2,1000,,9.877367,9.877367
368,Lithuania,390,Denmark,1925,1067.4,1000,,9.877367,9.877367
368,Lithuania,310,Hungary,1925,0,1000,,9.877367,9.877367
368,Lithuania,780,Sri Lanka,1925,0,1000,,9.877367,9.877367
368,Lithuania,325,Italy,1925,1173.3,1000,,9.877367,9.877367
368,Lithuania,145,Bolivia,1925,0,1000,,9.877367,9.877367
368,Lithuania,475,Nigeria,1925,0,1000,,9.877367,9.877367
368,Lithuania,450,Liberia,1925,0,1000,,9.877367,9.877367
368,Lithuania,920,New Zealand,1926,0,1000,,9.8968334,9.8968334
368,Lithuania,541,Mozambique,1926,0,1000,,9.8968334,9.8968334
368,Lithuania,900,Australia,1926,0,1000,,9.8968334,9.8968334
368,Lithuania,325,Italy,1926,1507.4,1000,,9.8968334,9.8968334
368,Lithuania,4,Hawaii,1926,0,1000,,9.8968334,9.8968334
368,Lithuania,652,Syria,1926,0,1000,,9.8968334,9.8968334
368,Lithuania,2,United States,1926,10652.4,1000,,9.8968334,9.8968334
368,Lithuania,1065,Curacao,1926,0,1000,,9.8968334,9.8968334
368,Lithuania,615,Algeria,1926,0,1000,,9.8968334,9.8968334
368,Lithuania,94,Costa Rica,1926,0,1000,,9.8968334,9.8968334
368,Lithuania,350,Greece,1926,0,1000,,9.8968334,9.8968334
368,Lithuania,225,Switzerland,1926,1406.8,1000,,9.8968334,9.8968334
368,Lithuania,255,Germany,1926,129541.6,1000,,9.8968334,9.8968334
368,Lithuania,,,1926,266039.6,1000,,9.8968334,9.8968334
368,Lithuania,145,Bolivia,1926,0,1000,,9.8968334,9.8968334
368,Lithuania,511,Zanzibar,1926,0,1000,,9.8968334,9.8968334
368,Lithuania,6,Puerto Rico,1926,0,1000,,9.8968334,9.8968334
368,Lithuania,40,Cuba,1926,0,1000,,9.8968334,9.8968334
368,Lithuania,375,Finland,1926,607.3,1000,,9.8968334,9.8968334
368,Lithuania,155,Chile,1926,0,1000,,9.8968334,9.8968334
368,Lithuania,51,Jamaica,1926,0,1000,,9.8968334,9.8968334
368,Lithuania,130,Ecuador,1926,0,1000,,9.8968334,9.8968334
368,Lithuania,530,Ethiopia,1926,0,1000,,9.8968334,9.8968334
368,Lithuania,367,Latvia,1926,7459.9,1000,,9.8968334,9.8968334
368,Lithuania,230,Spain,1926,0,1000,,9.8968334,9.8968334
368,Lithuania,41,Haiti,1926,0,1000,,9.8968334,9.8968334
368,Lithuania,310,Hungary,1926,0,1000,,9.8968334,9.8968334
368,Lithuania,160,Argentina,1926,0,1000,,9.8968334,9.8968334
368,Lithuania,395,Iceland,1926,0,1000,,9.8968334,9.8968334
368,Lithuania,681,Aden,1926,0,1000,,9.8968334,9.8968334
368,Lithuania,645,Iraq,1926,0,1000,,9.8968334,9.8968334
368,Lithuania,90,Guatemala,1926,0,1000,,9.8968334,9.8968334
368,Lithuania,750,India,1926,0,1000,,9.8968334,9.8968334
368,Lithuania,305,Austria,1926,0,1000,,9.8968334,9.8968334
368,Lithuania,780,Sri Lanka,1926,0,1000,,9.8968334,9.8968334
368,Lithuania,110,Guyana,1926,0,1000,,9.8968334,9.8968334
368,Lithuania,580,Madagascar,1926,0,1000,,9.8968334,9.8968334
368,Lithuania,490,"Congo, Dem. Republic",1926,0,1000,,9.8968334,9.8968334
368,Lithuania,651,Egypt,1926,0,1000,,9.8968334,9.8968334
368,Lithuania,92,El Salvador,1926,0,1000,,9.8968334,9.8968334
368,Lithuania,135,Peru,1926,0,1000,,9.8968334,9.8968334
368,Lithuania,625,Sudan,1926,0,1000,,9.8968334,9.8968334
368,Lithuania,165,Uruguay,1926,0,1000,,9.8968334,9.8968334
368,Lithuania,56,St. Lucia,1926,0,1000,,9.8968334,9.8968334
368,Lithuania,720,Hong Kong,1926,0,1000,,9.8968334,9.8968334
368,Lithuania,70,Mexico,1926,0,1000,,9.8968334,9.8968334
368,Lithuania,365,Russia,1926,3244.6,1000,,9.8968334,9.8968334
368,Lithuania,235,Portugal,1926,0,1000,,9.8968334,9.8968334
368,Lithuania,100,Colombia,1926,0,1000,,9.8968334,9.8968334
368,Lithuania,475,Nigeria,1926,0,1000,,9.8968334,9.8968334
368,Lithuania,200,United Kingdom,1926,19112.6,1000,,9.8968334,9.8968334
368,Lithuania,630,Iran,1926,0,1000,,9.8968334,9.8968334
368,Lithuania,93,Nicaragua,1926,0,1000,,9.8968334,9.8968334
368,Lithuania,352,Cyprus,1926,0,1000,,9.8968334,9.8968334
368,Lithuania,740,Japan,1926,0,1000,,9.8968334,9.8968334
368,Lithuania,20,Canada,1926,0,1000,,9.8968334,9.8968334
368,Lithuania,380,Sweden,1926,7343.4,1000,,9.8968334,9.8968334
368,Lithuania,210,Netherlands,1926,8266.200000000001,1000,,9.8968334,9.8968334
368,Lithuania,665,West Bank And Gaza,1926,0,1000,,9.8968334,9.8968334
368,Lithuania,540,Angola,1926,0,1000,,9.8968334,9.8968334
368,Lithuania,42,Dominican Republic,1926,0,1000,,9.8968334,9.8968334
368,Lithuania,55,Grenada,1926,0,1000,,9.8968334,9.8968334
368,Lithuania,205,Ireland,1926,0,1000,,9.8968334,9.8968334
368,Lithuania,140,Brazil,1926,0,1000,,9.8968334,9.8968334
368,Lithuania,355,Bulgaria,1926,0,1000,,9.8968334,9.8968334
368,Lithuania,675,Arabia,1926,0,1000,,9.8968334,9.8968334
368,Lithuania,640,Turkey,1926,0,1000,,9.8968334,9.8968334
368,Lithuania,150,Paraguay,1926,0,1000,,9.8968334,9.8968334
368,Lithuania,315,Czechoslovakia,1926,15142.2,1000,,9.8968334,9.8968334
368,Lithuania,710,China,1926,0,1000,,9.8968334,9.8968334
368,Lithuania,360,Romania,1926,0,1000,,9.8968334,9.8968334
368,Lithuania,450,Liberia,1926,0,1000,,9.8968334,9.8968334
368,Lithuania,800,Thailand,1926,0,1000,,9.8968334,9.8968334
368,Lithuania,220,France,1926,3659.8,1000,,9.8968334,9.8968334
368,Lithuania,410,Canary Islands,1926,0,1000,,9.8968334,9.8968334
368,Lithuania,385,Norway,1926,0,1000,,9.8968334,9.8968334
368,Lithuania,211,Belgium,1926,2579.8,1000,,9.8968334,9.8968334
368,Lithuania,510,Tanzania,1926,0,1000,,9.8968334,9.8968334
368,Lithuania,390,Denmark,1926,1444.6,1000,,9.8968334,9.8968334
368,Lithuania,366,Estonia,1926,3513.4,1000,,9.8968334,9.8968334
368,Lithuania,8151,Cochin China,1926,0,1000,,9.8968334,9.8968334
368,Lithuania,101,Venezuela,1926,0,1000,,9.8968334,9.8968334
368,Lithuania,4,Hawaii,1927,0,1000,,9.9245005,9.9245005
368,Lithuania,475,Nigeria,1927,0,1000,,9.9245005,9.9245005
368,Lithuania,530,Ethiopia,1927,0,1000,,9.9245005,9.9245005
368,Lithuania,625,Sudan,1927,0,1000,,9.9245005,9.9245005
368,Lithuania,94,Costa Rica,1927,0,1000,,9.9245005,9.9245005
368,Lithuania,135,Peru,1927,0,1000,,9.9245005,9.9245005
368,Lithuania,651,Egypt,1927,0,1000,,9.9245005,9.9245005
368,Lithuania,110,Guyana,1927,0,1000,,9.9245005,9.9245005
368,Lithuania,490,"Congo, Dem. Republic",1927,0,1000,,9.9245005,9.9245005
368,Lithuania,6,Puerto Rico,1927,0,1000,,9.9245005,9.9245005
368,Lithuania,740,Japan,1927,0,1000,,9.9245005,9.9245005
368,Lithuania,380,Sweden,1927,5076.9,1000,,9.9245005,9.9245005
368,Lithuania,305,Austria,1927,0,1000,,9.9245005,9.9245005
368,Lithuania,165,Uruguay,1927,0,1000,,9.9245005,9.9245005
368,Lithuania,,,1927,294954,1000,,9.9245005,9.9245005
368,Lithuania,101,Venezuela,1927,0,1000,,9.9245005,9.9245005
368,Lithuania,920,New Zealand,1927,0,1000,,9.9245005,9.9245005
368,Lithuania,255,Germany,1927,141216.9,1000,,9.9245005,9.9245005
368,Lithuania,145,Bolivia,1927,0,1000,,9.9245005,9.9245005
368,Lithuania,510,Tanzania,1927,0,1000,,9.9245005,9.9245005
368,Lithuania,366,Estonia,1927,3081.1,1000,,9.9245005,9.9245005
368,Lithuania,355,Bulgaria,1927,0,1000,,9.9245005,9.9245005
368,Lithuania,450,Liberia,1927,0,1000,,9.9245005,9.9245005
368,Lithuania,780,Sri Lanka,1927,0,1000,,9.9245005,9.9245005
368,Lithuania,615,Algeria,1927,0,1000,,9.9245005,9.9245005
368,Lithuania,70,Mexico,1927,0,1000,,9.9245005,9.9245005
368,Lithuania,395,Iceland,1927,0,1000,,9.9245005,9.9245005
368,Lithuania,90,Guatemala,1927,0,1000,,9.9245005,9.9245005
368,Lithuania,210,Netherlands,1927,9129.6,1000,,9.9245005,9.9245005
368,Lithuania,130,Ecuador,1927,0,1000,,9.9245005,9.9245005
368,Lithuania,800,Thailand,1927,0,1000,,9.9245005,9.9245005
368,Lithuania,140,Brazil,1927,0,1000,,9.9245005,9.9245005
368,Lithuania,235,Portugal,1927,0,1000,,9.9245005,9.9245005
368,Lithuania,230,Spain,1927,0,1000,,9.9245005,9.9245005
368,Lithuania,150,Paraguay,1927,0,1000,,9.9245005,9.9245005
368,Lithuania,310,Hungary,1927,0,1000,,9.9245005,9.9245005
368,Lithuania,40,Cuba,1927,0,1000,,9.9245005,9.9245005
368,Lithuania,42,Dominican Republic,1927,0,1000,,9.9245005,9.9245005
368,Lithuania,200,United Kingdom,1927,17924.7,1000,,9.9245005,9.9245005
368,Lithuania,2,United States,1927,14503.3,1000,,9.9245005,9.9245005
368,Lithuania,1065,Curacao,1927,0,1000,,9.9245005,9.9245005
368,Lithuania,720,Hong Kong,1927,0,1000,,9.9245005,9.9245005
368,Lithuania,540,Angola,1927,0,1000,,9.9245005,9.9245005
368,Lithuania,360,Romania,1927,0,1000,,9.9245005,9.9245005
368,Lithuania,160,Argentina,1927,0,1000,,9.9245005,9.9245005
368,Lithuania,220,France,1927,3322.3,1000,,9.9245005,9.9245005
368,Lithuania,365,Russia,1927,6452.3,1000,,9.9245005,9.9245005
368,Lithuania,352,Cyprus,1927,0,1000,,9.9245005,9.9245005
368,Lithuania,55,Grenada,1927,0,1000,,9.9245005,9.9245005
368,Lithuania,51,Jamaica,1927,0,1000,,9.9245005,9.9245005
368,Lithuania,652,Syria,1927,0,1000,,9.9245005,9.9245005
368,Lithuania,225,Switzerland,1927,2380,1000,,9.9245005,9.9245005
368,Lithuania,41,Haiti,1927,0,1000,,9.9245005,9.9245005
368,Lithuania,750,India,1927,0,1000,,9.9245005,9.9245005
368,Lithuania,92,El Salvador,1927,0,1000,,9.9245005,9.9245005
368,Lithuania,350,Greece,1927,0,1000,,9.9245005,9.9245005
368,Lithuania,155,Chile,1927,0,1000,,9.9245005,9.9245005
368,Lithuania,580,Madagascar,1927,0,1000,,9.9245005,9.9245005
368,Lithuania,211,Belgium,1927,3218.2,1000,,9.9245005,9.9245005
368,Lithuania,93,Nicaragua,1927,0,1000,,9.9245005,9.9245005
368,Lithuania,681,Aden,1927,0,1000,,9.9245005,9.9245005
368,Lithuania,385,Norway,1927,0,1000,,9.9245005,9.9245005
368,Lithuania,315,Czechoslovakia,1927,13875,1000,,9.9245005,9.9245005
368,Lithuania,640,Turkey,1927,0,1000,,9.9245005,9.9245005
368,Lithuania,900,Australia,1927,0,1000,,9.9245005,9.9245005
368,Lithuania,205,Ireland,1927,0,1000,,9.9245005,9.9245005
368,Lithuania,367,Latvia,1927,10149,1000,,9.9245005,9.9245005
368,Lithuania,325,Italy,1927,2014.4,1000,,9.9245005,9.9245005
368,Lithuania,8151,Cochin China,1927,0,1000,,9.9245005,9.9245005
368,Lithuania,511,Zanzibar,1927,0,1000,,9.9245005,9.9245005
368,Lithuania,630,Iran,1927,0,1000,,9.9245005,9.9245005
368,Lithuania,645,Iraq,1927,0,1000,,9.9245005,9.9245005
368,Lithuania,100,Colombia,1927,0,1000,,9.9245005,9.9245005
368,Lithuania,56,St. Lucia,1927,0,1000,,9.9245005,9.9245005
368,Lithuania,665,West Bank And Gaza,1927,0,1000,,9.9245005,9.9245005
368,Lithuania,675,Arabia,1927,0,1000,,9.9245005,9.9245005
368,Lithuania,390,Denmark,1927,2867.9,1000,,9.9245005,9.9245005
368,Lithuania,410,Canary Islands,1927,0,1000,,9.9245005,9.9245005
368,Lithuania,20,Canada,1927,0,1000,,9.9245005,9.9245005
368,Lithuania,375,Finland,1927,1222.4,1000,,9.9245005,9.9245005
368,Lithuania,710,China,1927,0,1000,,9.9245005,9.9245005
368,Lithuania,541,Mozambique,1927,0,1000,,9.9245005,9.9245005
368,Lithuania,625,Sudan,1928,0,1000,,10,10
368,Lithuania,55,Grenada,1928,0,1000,,10,10
368,Lithuania,41,Haiti,1928,9.1,1000,,10,10
368,Lithuania,101,Venezuela,1928,0,1000,,10,10
368,Lithuania,710,China,1928,126.5,1000,,10,10
368,Lithuania,165,Uruguay,1928,0,1000,,10,10
368,Lithuania,390,Denmark,1928,3128.7,1000,,10,10
368,Lithuania,780,Sri Lanka,1928,493.5,1000,,10,10
368,Lithuania,920,New Zealand,1928,0,1000,,10,10
368,Lithuania,90,Guatemala,1928,176,1000,,10,10
368,Lithuania,645,Iraq,1928,0,1000,,10,10
368,Lithuania,352,Cyprus,1928,0,1000,,10,10
368,Lithuania,350,Greece,1928,246.7,1000,,10,10
368,Lithuania,,,1928,317383.5999999999,1000,,10,10
368,Lithuania,200,United Kingdom,1928,19254,1000,,10,10
368,Lithuania,410,Canary Islands,1928,0,1000,,10,10
368,Lithuania,315,Czechoslovakia,1928,13105.4,1000,,10,10
368,Lithuania,160,Argentina,1928,28,1000,,10,10
368,Lithuania,450,Liberia,1928,0,1000,,10,10
368,Lithuania,630,Iran,1928,1.7,1000,,10,10
368,Lithuania,800,Thailand,1928,0,1000,,10,10
368,Lithuania,4,Hawaii,1928,0,1000,,10,10
368,Lithuania,530,Ethiopia,1928,34.1,1000,,10,10
368,Lithuania,490,"Congo, Dem. Republic",1928,36.2,1000,,10,10
368,Lithuania,651,Egypt,1928,4.3,1000,,10,10
368,Lithuania,375,Finland,1928,654,1000,,10,10
368,Lithuania,511,Zanzibar,1928,0,1000,,10,10
368,Lithuania,640,Turkey,1928,151.5,1000,,10,10
368,Lithuania,225,Switzerland,1928,2603.7,1000,,10,10
368,Lithuania,380,Sweden,1928,5507.5,1000,,10,10
368,Lithuania,360,Romania,1928,191.9,1000,,10,10
368,Lithuania,210,Netherlands,1928,9249.5,1000,,10,10
368,Lithuania,140,Brazil,1928,705.7,1000,,10,10
368,Lithuania,235,Portugal,1928,43.6,1000,,10,10
368,Lithuania,135,Peru,1928,0,1000,,10,10
368,Lithuania,310,Hungary,1928,190.9,1000,,10,10
368,Lithuania,145,Bolivia,1928,0,1000,,10,10
368,Lithuania,385,Norway,1928,1335.2,1000,,10,10
368,Lithuania,675,Arabia,1928,.1,1000,,10,10
368,Lithuania,367,Latvia,1928,10353.9,1000,,10,10
368,Lithuania,155,Chile,1928,313.2,1000,,10,10
368,Lithuania,205,Ireland,1928,0,1000,,10,10
368,Lithuania,720,Hong Kong,1928,0,1000,,10,10
368,Lithuania,220,France,1928,4538.9,1000,,10,10
368,Lithuania,355,Bulgaria,1928,41.3,1000,,10,10
368,Lithuania,510,Tanzania,1928,0,1000,,10,10
368,Lithuania,750,India,1928,1158.1,1000,,10,10
368,Lithuania,325,Italy,1928,4958.9,1000,,10,10
368,Lithuania,580,Madagascar,1928,0,1000,,10,10
368,Lithuania,900,Australia,1928,43.2,1000,,10,10
368,Lithuania,615,Algeria,1928,0,1000,,10,10
368,Lithuania,211,Belgium,1928,3748.7,1000,,10,10
368,Lithuania,51,Jamaica,1928,48.6,1000,,10,10
368,Lithuania,475,Nigeria,1928,0,1000,,10,10
368,Lithuania,652,Syria,1928,0,1000,,10,10
368,Lithuania,92,El Salvador,1928,34.9,1000,,10,10
368,Lithuania,2,United States,1928,20478.6,1000,,10,10
368,Lithuania,366,Estonia,1928,4019.6,1000,,10,10
368,Lithuania,6,Puerto Rico,1928,0,1000,,10,10
368,Lithuania,255,Germany,1928,146824.2,1000,,10,10
368,Lithuania,70,Mexico,1928,10,1000,,10,10
368,Lithuania,541,Mozambique,1928,0,1000,,10,10
368,Lithuania,740,Japan,1928,224.1,1000,,10,10
368,Lithuania,93,Nicaragua,1928,0,1000,,10,10
368,Lithuania,305,Austria,1928,1219.9,1000,,10,10
368,Lithuania,8151,Cochin China,1928,0,1000,,10,10
368,Lithuania,42,Dominican Republic,1928,0,1000,,10,10
368,Lithuania,540,Angola,1928,0,1000,,10,10
368,Lithuania,395,Iceland,1928,0,1000,,10,10
368,Lithuania,665,West Bank And Gaza,1928,29.3,1000,,10,10
368,Lithuania,130,Ecuador,1928,0,1000,,10,10
368,Lithuania,230,Spain,1928,349.1,1000,,10,10
368,Lithuania,40,Cuba,1928,1.9,1000,,10,10
368,Lithuania,365,Russia,1928,9114.1,1000,,10,10
368,Lithuania,100,Colombia,1928,0,1000,,10,10
368,Lithuania,150,Paraguay,1928,0,1000,,10,10
368,Lithuania,681,Aden,1928,0,1000,,10,10
368,Lithuania,110,Guyana,1928,9.800000000000001,1000,,10,10
368,Lithuania,94,Costa Rica,1928,1.1,1000,,10,10
368,Lithuania,56,St. Lucia,1928,0,1000,,10,10
368,Lithuania,20,Canada,1928,0,1000,,10,10
368,Lithuania,1065,Curacao,1928,0,1000,,10,10
368,Lithuania,210,Netherlands,1929,10006.9,1000,1000 Lt,10,10
368,Lithuania,160,Argentina,1929,456.8,1000,1000 Lt,10,10
368,Lithuania,366,Estonia,1929,2029.7,1000,1000 Lt,10,10
368,Lithuania,750,India,1929,2038.2,1000,1000 Lt,10,10
368,Lithuania,710,China,1929,235.6,1000,1000 Lt,10,10
368,Lithuania,51,Jamaica,1929,84.90000000000001,1000,1000 Lt,10,10
368,Lithuania,220,France,1929,7188.7,1000,1000 Lt,10,10
368,Lithuania,511,Zanzibar,1929,0,1000,1000 Lt,10,10
368,Lithuania,375,Finland,1929,1692.9,1000,1000 Lt,10,10
368,Lithuania,355,Bulgaria,1929,22.2,1000,1000 Lt,10,10
368,Lithuania,360,Romania,1929,582,1000,1000 Lt,10,10
368,Lithuania,390,Denmark,1929,6328.3,1000,1000 Lt,10,10
368,Lithuania,580,Madagascar,1929,0,1000,1000 Lt,10,10
368,Lithuania,41,Haiti,1929,34.3,1000,1000 Lt,10,10
368,Lithuania,310,Hungary,1929,124.4,1000,1000 Lt,10,10
368,Lithuania,780,Sri Lanka,1929,559.4,1000,1000 Lt,10,10
368,Lithuania,651,Egypt,1929,7.8,1000,1000 Lt,10,10
368,Lithuania,720,Hong Kong,1929,0,1000,1000 Lt,10,10
368,Lithuania,740,Japan,1929,377.6,1000,1000 Lt,10,10
368,Lithuania,900,Australia,1929,6.5,1000,1000 Lt,10,10
368,Lithuania,101,Venezuela,1929,47,1000,1000 Lt,10,10
368,Lithuania,8151,Cochin China,1929,0,1000,1000 Lt,10,10
368,Lithuania,130,Ecuador,1929,6.5,1000,1000 Lt,10,10
368,Lithuania,235,Portugal,1929,8.4,1000,1000 Lt,10,10
368,Lithuania,255,Germany,1929,150238.2,1000,1000 Lt,10,10
368,Lithuania,450,Liberia,1929,0,1000,1000 Lt,10,10
368,Lithuania,541,Mozambique,1929,0,1000,1000 Lt,10,10
368,Lithuania,675,Arabia,1929,2.6,1000,1000 Lt,10,10
368,Lithuania,90,Guatemala,1929,138.1,1000,1000 Lt,10,10
368,Lithuania,55,Grenada,1929,0,1000,1000 Lt,10,10
368,Lithuania,305,Austria,1929,1758.1,1000,1000 Lt,10,10
368,Lithuania,630,Iran,1929,7.5,1000,1000 Lt,10,10
368,Lithuania,367,Latvia,1929,10970.5,1000,1000 Lt,10,10
368,Lithuania,350,Greece,1929,168.4,1000,1000 Lt,10,10
368,Lithuania,510,Tanzania,1929,0,1000,1000 Lt,10,10
368,Lithuania,4,Hawaii,1929,0,1000,1000 Lt,10,10
368,Lithuania,681,Aden,1929,0,1000,1000 Lt,10,10
368,Lithuania,211,Belgium,1929,5258.8,1000,1000 Lt,10,10
368,Lithuania,665,West Bank And Gaza,1929,22.7,1000,1000 Lt,10,10
368,Lithuania,540,Angola,1929,0,1000,1000 Lt,10,10
368,Lithuania,652,Syria,1929,0,1000,1000 Lt,10,10
368,Lithuania,1065,Curacao,1929,0,1000,1000 Lt,10,10
368,Lithuania,6,Puerto Rico,1929,0,1000,1000 Lt,10,10
368,Lithuania,475,Nigeria,1929,0,1000,1000 Lt,10,10
368,Lithuania,230,Spain,1929,1016.9,1000,1000 Lt,10,10
368,Lithuania,920,New Zealand,1929,0,1000,1000 Lt,10,10
368,Lithuania,200,United Kingdom,1929,26036.4,1000,1000 Lt,10,10
368,Lithuania,40,Cuba,1929,6.2,1000,1000 Lt,10,10
368,Lithuania,42,Dominican Republic,1929,0,1000,1000 Lt,10,10
368,Lithuania,800,Thailand,1929,0,1000,1000 Lt,10,10
368,Lithuania,352,Cyprus,1929,0,1000,1000 Lt,10,10
368,Lithuania,365,Russia,1929,13122.7,1000,1000 Lt,10,10
368,Lithuania,395,Iceland,1929,0,1000,1000 Lt,10,10
368,Lithuania,315,Czechoslovakia,1929,19256.3,1000,1000 Lt,10,10
368,Lithuania,94,Costa Rica,1929,0,1000,1000 Lt,10,10
368,Lithuania,645,Iraq,1929,0,1000,1000 Lt,10,10
368,Lithuania,135,Peru,1929,0,1000,1000 Lt,10,10
368,Lithuania,410,Canary Islands,1929,0,1000,1000 Lt,10,10
368,Lithuania,150,Paraguay,1929,35.7,1000,1000 Lt,10,10
368,Lithuania,530,Ethiopia,1929,0,1000,1000 Lt,10,10
368,Lithuania,140,Brazil,1929,977.5,1000,1000 Lt,10,10
368,Lithuania,100,Colombia,1929,31.8,1000,1000 Lt,10,10
368,Lithuania,380,Sweden,1929,5724.3,1000,1000 Lt,10,10
368,Lithuania,,,1929,321116.8,1000,1000 Lt,10,10
368,Lithuania,2,United States,1929,16724.3,1000,1000 Lt,10,10
368,Lithuania,640,Turkey,1929,48.3,1000,1000 Lt,10,10
368,Lithuania,110,Guyana,1929,14.4,1000,1000 Lt,10,10
368,Lithuania,145,Bolivia,1929,0,1000,1000 Lt,10,10
368,Lithuania,615,Algeria,1929,0,1000,1000 Lt,10,10
368,Lithuania,92,El Salvador,1929,22.6,1000,1000 Lt,10,10
368,Lithuania,325,Italy,1929,3262.4,1000,1000 Lt,10,10
368,Lithuania,56,St. Lucia,1929,0,1000,1000 Lt,10,10
368,Lithuania,20,Canada,1929,72.2,1000,1000 Lt,10,10
368,Lithuania,165,Uruguay,1929,0,1000,1000 Lt,10,10
368,Lithuania,225,Switzerland,1929,2515.1,1000,1000 Lt,10,10
368,Lithuania,93,Nicaragua,1929,0,1000,1000 Lt,10,10
368,Lithuania,385,Norway,1929,2192.5,1000,1000 Lt,10,10
368,Lithuania,205,Ireland,1929,0,1000,1000 Lt,10,10
368,Lithuania,155,Chile,1929,201.9,1000,1000 Lt,10,10
368,Lithuania,625,Sudan,1929,0,1000,1000 Lt,10,10
368,Lithuania,70,Mexico,1929,63.5,1000,1000 Lt,10,10
368,Lithuania,490,"Congo, Dem. Republic",1929,0,1000,1000 Lt,10,10
368,Lithuania,56,St. Lucia,1930,0,1000,1000 Lt,10,10
368,Lithuania,40,Cuba,1930,191.3,1000,1000 Lt,10,10
368,Lithuania,645,Iraq,1930,0,1000,1000 Lt,10,10
368,Lithuania,395,Iceland,1930,0,1000,1000 Lt,10,10
368,Lithuania,325,Italy,1930,6292,1000,1000 Lt,10,10
368,Lithuania,225,Switzerland,1930,3653.9,1000,1000 Lt,10,10
368,Lithuania,615,Algeria,1930,0,1000,1000 Lt,10,10
368,Lithuania,350,Greece,1930,85.90000000000001,1000,1000 Lt,10,10
368,Lithuania,511,Zanzibar,1930,.9,1000,1000 Lt,10,10
368,Lithuania,100,Colombia,1930,2.1,1000,1000 Lt,10,10
368,Lithuania,652,Syria,1930,0,1000,1000 Lt,10,10
368,Lithuania,352,Cyprus,1930,0,1000,1000 Lt,10,10
368,Lithuania,367,Latvia,1930,13456.5,1000,1000 Lt,10,10
368,Lithuania,800,Thailand,1930,0,1000,1000 Lt,10,10
368,Lithuania,355,Bulgaria,1930,36.6,1000,1000 Lt,10,10
368,Lithuania,530,Ethiopia,1930,81.40000000000001,1000,1000 Lt,10,10
368,Lithuania,675,Arabia,1930,7.1,1000,1000 Lt,10,10
368,Lithuania,385,Norway,1930,1301.9,1000,1000 Lt,10,10
368,Lithuania,160,Argentina,1930,681.2,1000,1000 Lt,10,10
368,Lithuania,390,Denmark,1930,5452.4,1000,1000 Lt,10,10
368,Lithuania,42,Dominican Republic,1930,0,1000,1000 Lt,10,10
368,Lithuania,93,Nicaragua,1930,4.2,1000,1000 Lt,10,10
368,Lithuania,305,Austria,1930,1679,1000,1000 Lt,10,10
368,Lithuania,41,Haiti,1930,.1,1000,1000 Lt,10,10
368,Lithuania,1065,Curacao,1930,0,1000,1000 Lt,10,10
368,Lithuania,211,Belgium,1930,7361,1000,1000 Lt,10,10
368,Lithuania,475,Nigeria,1930,0,1000,1000 Lt,10,10
368,Lithuania,70,Mexico,1930,20.2,1000,1000 Lt,10,10
368,Lithuania,580,Madagascar,1930,0,1000,1000 Lt,10,10
368,Lithuania,510,Tanzania,1930,0,1000,1000 Lt,10,10
368,Lithuania,710,China,1930,167.4,1000,1000 Lt,10,10
368,Lithuania,235,Portugal,1930,37.8,1000,1000 Lt,10,10
368,Lithuania,490,"Congo, Dem. Republic",1930,0,1000,1000 Lt,10,10
368,Lithuania,380,Sweden,1930,7523.7,1000,1000 Lt,10,10
368,Lithuania,681,Aden,1930,0,1000,1000 Lt,10,10
368,Lithuania,205,Ireland,1930,0,1000,1000 Lt,10,10
368,Lithuania,155,Chile,1930,712.5,1000,1000 Lt,10,10
368,Lithuania,625,Sudan,1930,0,1000,1000 Lt,10,10
368,Lithuania,6,Puerto Rico,1930,0,1000,1000 Lt,10,10
368,Lithuania,640,Turkey,1930,347,1000,1000 Lt,10,10
368,Lithuania,540,Angola,1930,0,1000,1000 Lt,10,10
368,Lithuania,2,United States,1930,14703.7,1000,1000 Lt,10,10
368,Lithuania,541,Mozambique,1930,0,1000,1000 Lt,10,10
368,Lithuania,740,Japan,1930,138.4,1000,1000 Lt,10,10
368,Lithuania,220,France,1930,9505.4,1000,1000 Lt,10,10
368,Lithuania,410,Canary Islands,1930,0,1000,1000 Lt,10,10
368,Lithuania,94,Costa Rica,1930,10.3,1000,1000 Lt,10,10
368,Lithuania,310,Hungary,1930,117.6,1000,1000 Lt,10,10
368,Lithuania,450,Liberia,1930,9.800000000000001,1000,1000 Lt,10,10
368,Lithuania,101,Venezuela,1930,2.4,1000,1000 Lt,10,10
368,Lithuania,150,Paraguay,1930,0,1000,1000 Lt,10,10
368,Lithuania,4,Hawaii,1930,0,1000,1000 Lt,10,10
368,Lithuania,780,Sri Lanka,1930,354.6,1000,1000 Lt,10,10
368,Lithuania,165,Uruguay,1930,36.9,1000,1000 Lt,10,10
368,Lithuania,900,Australia,1930,8.6,1000,1000 Lt,10,10
368,Lithuania,366,Estonia,1930,3496.2,1000,1000 Lt,10,10
368,Lithuania,255,Germany,1930,151427.1,1000,1000 Lt,10,10
368,Lithuania,140,Brazil,1930,628.1,1000,1000 Lt,10,10
368,Lithuania,8151,Cochin China,1930,0,1000,1000 Lt,10,10
368,Lithuania,360,Romania,1930,1161.8,1000,1000 Lt,10,10
368,Lithuania,51,Jamaica,1930,39.2,1000,1000 Lt,10,10
368,Lithuania,145,Bolivia,1930,0,1000,1000 Lt,10,10
368,Lithuania,90,Guatemala,1930,165.7,1000,1000 Lt,10,10
368,Lithuania,,,1930,323639.9,1000,1000 Lt,10,10
368,Lithuania,55,Grenada,1930,0,1000,1000 Lt,10,10
368,Lithuania,210,Netherlands,1930,9979.9,1000,1000 Lt,10,10
368,Lithuania,200,United Kingdom,1930,24066.6,1000,1000 Lt,10,10
368,Lithuania,110,Guyana,1930,0,1000,1000 Lt,10,10
368,Lithuania,130,Ecuador,1930,3.8,1000,1000 Lt,10,10
368,Lithuania,315,Czechoslovakia,1930,18000,1000,1000 Lt,10,10
368,Lithuania,365,Russia,1930,13838.9,1000,1000 Lt,10,10
368,Lithuania,630,Iran,1930,32,1000,1000 Lt,10,10
368,Lithuania,230,Spain,1930,462.6,1000,1000 Lt,10,10
368,Lithuania,750,India,1930,1462.2,1000,1000 Lt,10,10
368,Lithuania,375,Finland,1930,2230.6,1000,1000 Lt,10,10
368,Lithuania,92,El Salvador,1930,43.9,1000,1000 Lt,10,10
368,Lithuania,651,Egypt,1930,3.6,1000,1000 Lt,10,10
368,Lithuania,920,New Zealand,1930,0,1000,1000 Lt,10,10
368,Lithuania,720,Hong Kong,1930,0,1000,1000 Lt,10,10
368,Lithuania,20,Canada,1930,64.3,1000,1000 Lt,10,10
368,Lithuania,135,Peru,1930,0,1000,1000 Lt,10,10
368,Lithuania,665,West Bank And Gaza,1930,100.2,1000,1000 Lt,10,10
368,Lithuania,41,Haiti,1931,1.2,1000,1000 Lt,10.008333,10.008333
368,Lithuania,135,Peru,1931,3,1000,1000 Lt,10.008333,10.008333
368,Lithuania,310,Hungary,1931,135.5,1000,1000 Lt,10.008333,10.008333
368,Lithuania,375,Finland,1931,1772.1,1000,1000 Lt,10.008333,10.008333
368,Lithuania,511,Zanzibar,1931,.9,1000,1000 Lt,10.008333,10.008333
368,Lithuania,920,New Zealand,1931,0,1000,1000 Lt,10.008333,10.008333
368,Lithuania,350,Greece,1931,389.2,1000,1000 Lt,10.008333,10.008333
368,Lithuania,140,Brazil,1931,806.6,1000,1000 Lt,10.008333,10.008333
368,Lithuania,6,Puerto Rico,1931,0,1000,1000 Lt,10.008333,10.008333
368,Lithuania,150,Paraguay,1931,65,1000,1000 Lt,10.008333,10.008333
368,Lithuania,305,Austria,1931,1538.2,1000,1000 Lt,10.008333,10.008333
368,Lithuania,540,Angola,1931,0,1000,1000 Lt,10.008333,10.008333
368,Lithuania,681,Aden,1931,0,1000,1000 Lt,10.008333,10.008333
368,Lithuania,390,Denmark,1931,3562.9,1000,1000 Lt,10.008333,10.008333
368,Lithuania,740,Japan,1931,25.9,1000,1000 Lt,10.008333,10.008333
368,Lithuania,450,Liberia,1931,0,1000,1000 Lt,10.008333,10.008333
368,Lithuania,130,Ecuador,1931,0,1000,1000 Lt,10.008333,10.008333
368,Lithuania,2,United States,1931,10773.9,1000,1000 Lt,10.008333,10.008333
368,Lithuania,93,Nicaragua,1931,7.5,1000,1000 Lt,10.008333,10.008333
368,Lithuania,580,Madagascar,1931,2,1000,1000 Lt,10.008333,10.008333
368,Lithuania,352,Cyprus,1931,0,1000,1000 Lt,10.008333,10.008333
368,Lithuania,1065,Curacao,1931,0,1000,1000 Lt,10.008333,10.008333
368,Lithuania,20,Canada,1931,17,1000,1000 Lt,10.008333,10.008333
368,Lithuania,90,Guatemala,1931,110.7,1000,1000 Lt,10.008333,10.008333
368,Lithuania,630,Iran,1931,6.4,1000,1000 Lt,10.008333,10.008333
368,Lithuania,710,China,1931,145.7,1000,1000 Lt,10.008333,10.008333
368,Lithuania,56,St. Lucia,1931,0,1000,1000 Lt,10.008333,10.008333
368,Lithuania,165,Uruguay,1931,.2,1000,1000 Lt,10.008333,10.008333
368,Lithuania,110,Guyana,1931,0,1000,1000 Lt,10.008333,10.008333
368,Lithuania,40,Cuba,1931,149.7,1000,1000 Lt,10.008333,10.008333
368,Lithuania,625,Sudan,1931,0,1000,1000 Lt,10.008333,10.008333
368,Lithuania,92,El Salvador,1931,44.7,1000,1000 Lt,10.008333,10.008333
368,Lithuania,395,Iceland,1931,0,1000,1000 Lt,10.008333,10.008333
368,Lithuania,490,"Congo, Dem. Republic",1931,0,1000,1000 Lt,10.008333,10.008333
368,Lithuania,210,Netherlands,1931,7284.6,1000,1000 Lt,10.008333,10.008333
368,Lithuania,200,United Kingdom,1931,19661.4,1000,1000 Lt,10.008333,10.008333
368,Lithuania,800,Thailand,1931,0,1000,1000 Lt,10.008333,10.008333
368,Lithuania,365,Russia,1931,17237.2,1000,1000 Lt,10.008333,10.008333
368,Lithuania,410,Canary Islands,1931,0,1000,1000 Lt,10.008333,10.008333
368,Lithuania,230,Spain,1931,899.5,1000,1000 Lt,10.008333,10.008333
368,Lithuania,541,Mozambique,1931,0,1000,1000 Lt,10.008333,10.008333
368,Lithuania,360,Romania,1931,900.9,1000,1000 Lt,10.008333,10.008333
368,Lithuania,720,Hong Kong,1931,0,1000,1000 Lt,10.008333,10.008333
368,Lithuania,100,Colombia,1931,0,1000,1000 Lt,10.008333,10.008333
368,Lithuania,235,Portugal,1931,17.8,1000,1000 Lt,10.008333,10.008333
368,Lithuania,675,Arabia,1931,0,1000,1000 Lt,10.008333,10.008333
368,Lithuania,385,Norway,1931,670.2,1000,1000 Lt,10.008333,10.008333
368,Lithuania,145,Bolivia,1931,0,1000,1000 Lt,10.008333,10.008333
368,Lithuania,155,Chile,1931,1,1000,1000 Lt,10.008333,10.008333
368,Lithuania,220,France,1931,8274.299999999999,1000,1000 Lt,10.008333,10.008333
368,Lithuania,160,Argentina,1931,986.7,1000,1000 Lt,10.008333,10.008333
368,Lithuania,55,Grenada,1931,0,1000,1000 Lt,10.008333,10.008333
368,Lithuania,70,Mexico,1931,19.3,1000,1000 Lt,10.008333,10.008333
368,Lithuania,94,Costa Rica,1931,0,1000,1000 Lt,10.008333,10.008333
368,Lithuania,780,Sri Lanka,1931,271.8,1000,1000 Lt,10.008333,10.008333
368,Lithuania,8151,Cochin China,1931,6.5,1000,1000 Lt,10.008333,10.008333
368,Lithuania,255,Germany,1931,130677.9,1000,1000 Lt,10.008333,10.008333
368,Lithuania,615,Algeria,1931,.7,1000,1000 Lt,10.008333,10.008333
368,Lithuania,645,Iraq,1931,2.4,1000,1000 Lt,10.008333,10.008333
368,Lithuania,4,Hawaii,1931,0,1000,1000 Lt,10.008333,10.008333
368,Lithuania,380,Sweden,1931,5403,1000,1000 Lt,10.008333,10.008333
368,Lithuania,652,Syria,1931,0,1000,1000 Lt,10.008333,10.008333
368,Lithuania,51,Jamaica,1931,63.4,1000,1000 Lt,10.008333,10.008333
368,Lithuania,665,West Bank And Gaza,1931,69.40000000000001,1000,1000 Lt,10.008333,10.008333
368,Lithuania,42,Dominican Republic,1931,0,1000,1000 Lt,10.008333,10.008333
368,Lithuania,367,Latvia,1931,11864.9,1000,1000 Lt,10.008333,10.008333
368,Lithuania,,,1931,289986.3,1000,1000 Lt,10.008333,10.008333
368,Lithuania,211,Belgium,1931,7867.6,1000,1000 Lt,10.008333,10.008333
368,Lithuania,475,Nigeria,1931,0,1000,1000 Lt,10.008333,10.008333
368,Lithuania,315,Czechoslovakia,1931,19583.8,1000,1000 Lt,10.008333,10.008333
368,Lithuania,530,Ethiopia,1931,90.59999999999999,1000,1000 Lt,10.008333,10.008333
368,Lithuania,205,Ireland,1931,0,1000,1000 Lt,10.008333,10.008333
368,Lithuania,750,India,1931,790.8,1000,1000 Lt,10.008333,10.008333
368,Lithuania,510,Tanzania,1931,0,1000,1000 Lt,10.008333,10.008333
368,Lithuania,355,Bulgaria,1931,66.2,1000,1000 Lt,10.008333,10.008333
368,Lithuania,651,Egypt,1931,6.3,1000,1000 Lt,10.008333,10.008333
368,Lithuania,366,Estonia,1931,3405.9,1000,1000 Lt,10.008333,10.008333
368,Lithuania,325,Italy,1931,6614.6,1000,1000 Lt,10.008333,10.008333
368,Lithuania,225,Switzerland,1931,3247.8,1000,1000 Lt,10.008333,10.008333
368,Lithuania,900,Australia,1931,41.2,1000,1000 Lt,10.008333,10.008333
368,Lithuania,101,Venezuela,1931,36.1,1000,1000 Lt,10.008333,10.008333
368,Lithuania,640,Turkey,1931,309.8,1000,1000 Lt,10.008333,10.008333
368,Lithuania,450,Liberia,1932,1.8,1000,1000 Lt,10.016666,10.016666
368,Lithuania,305,Austria,1932,966.1,1000,1000 Lt,10.016666,10.016666
368,Lithuania,42,Dominican Republic,1932,0,1000,1000 Lt,10.016666,10.016666
368,Lithuania,230,Spain,1932,211.9,1000,1000 Lt,10.016666,10.016666
368,Lithuania,350,Greece,1932,441,1000,1000 Lt,10.016666,10.016666
368,Lithuania,92,El Salvador,1932,25.4,1000,1000 Lt,10.016666,10.016666
368,Lithuania,200,United Kingdom,1932,17996.8,1000,1000 Lt,10.016666,10.016666
368,Lithuania,750,India,1932,817.5,1000,1000 Lt,10.016666,10.016666
368,Lithuania,325,Italy,1932,3920.6,1000,1000 Lt,10.016666,10.016666
368,Lithuania,540,Angola,1932,9.5,1000,1000 Lt,10.016666,10.016666
368,Lithuania,510,Tanzania,1932,0,1000,1000 Lt,10.016666,10.016666
368,Lithuania,220,France,1932,5651.7,1000,1000 Lt,10.016666,10.016666
368,Lithuania,135,Peru,1932,4.1,1000,1000 Lt,10.016666,10.016666
368,Lithuania,8151,Cochin China,1932,0,1000,1000 Lt,10.016666,10.016666
368,Lithuania,380,Sweden,1932,3570.4,1000,1000 Lt,10.016666,10.016666
368,Lithuania,541,Mozambique,1932,0,1000,1000 Lt,10.016666,10.016666
368,Lithuania,640,Turkey,1932,171.7,1000,1000 Lt,10.016666,10.016666
368,Lithuania,150,Paraguay,1932,7.7,1000,1000 Lt,10.016666,10.016666
368,Lithuania,2,United States,1932,6349.2,1000,1000 Lt,10.016666,10.016666
368,Lithuania,155,Chile,1932,288.5,1000,1000 Lt,10.016666,10.016666
368,Lithuania,315,Czechoslovakia,1932,12621.6,1000,1000 Lt,10.016666,10.016666
368,Lithuania,681,Aden,1932,0,1000,1000 Lt,10.016666,10.016666
368,Lithuania,410,Canary Islands,1932,3.5,1000,1000 Lt,10.016666,10.016666
368,Lithuania,211,Belgium,1932,7594.4,1000,1000 Lt,10.016666,10.016666
368,Lithuania,625,Sudan,1932,3.7,1000,1000 Lt,10.016666,10.016666
368,Lithuania,235,Portugal,1932,55.2,1000,1000 Lt,10.016666,10.016666
368,Lithuania,145,Bolivia,1932,0,1000,1000 Lt,10.016666,10.016666
368,Lithuania,651,Egypt,1932,2.4,1000,1000 Lt,10.016666,10.016666
368,Lithuania,210,Netherlands,1932,4463.3,1000,1000 Lt,10.016666,10.016666
368,Lithuania,530,Ethiopia,1932,35.3,1000,1000 Lt,10.016666,10.016666
368,Lithuania,385,Norway,1932,214.3,1000,1000 Lt,10.016666,10.016666
368,Lithuania,720,Hong Kong,1932,.2,1000,1000 Lt,10.016666,10.016666
368,Lithuania,160,Argentina,1932,624.1,1000,1000 Lt,10.016666,10.016666
368,Lithuania,615,Algeria,1932,4.6,1000,1000 Lt,10.016666,10.016666
368,Lithuania,310,Hungary,1932,72.8,1000,1000 Lt,10.016666,10.016666
368,Lithuania,652,Syria,1932,.3,1000,1000 Lt,10.016666,10.016666
368,Lithuania,205,Ireland,1932,18.6,1000,1000 Lt,10.016666,10.016666
368,Lithuania,55,Grenada,1932,0,1000,1000 Lt,10.016666,10.016666
368,Lithuania,800,Thailand,1932,0,1000,1000 Lt,10.016666,10.016666
368,Lithuania,165,Uruguay,1932,7.4,1000,1000 Lt,10.016666,10.016666
368,Lithuania,40,Cuba,1932,272.3,1000,1000 Lt,10.016666,10.016666
368,Lithuania,56,St. Lucia,1932,0,1000,1000 Lt,10.016666,10.016666
368,Lithuania,110,Guyana,1932,0,1000,1000 Lt,10.016666,10.016666
368,Lithuania,255,Germany,1932,67222.39999999999,1000,1000 Lt,10.016666,10.016666
368,Lithuania,630,Iran,1932,4.7,1000,1000 Lt,10.016666,10.016666
368,Lithuania,1065,Curacao,1932,67.59999999999999,1000,1000 Lt,10.016666,10.016666
368,Lithuania,4,Hawaii,1932,.9,1000,1000 Lt,10.016666,10.016666
368,Lithuania,920,New Zealand,1932,27.7,1000,1000 Lt,10.016666,10.016666
368,Lithuania,70,Mexico,1932,17,1000,1000 Lt,10.016666,10.016666
368,Lithuania,511,Zanzibar,1932,3.3,1000,1000 Lt,10.016666,10.016666
368,Lithuania,390,Denmark,1932,2076.3,1000,1000 Lt,10.016666,10.016666
368,Lithuania,490,"Congo, Dem. Republic",1932,.6,1000,1000 Lt,10.016666,10.016666
368,Lithuania,6,Puerto Rico,1932,0,1000,1000 Lt,10.016666,10.016666
368,Lithuania,665,West Bank And Gaza,1932,139.5,1000,1000 Lt,10.016666,10.016666
368,Lithuania,,,1932,171908.1000000002,1000,1000 Lt,10.016666,10.016666
368,Lithuania,51,Jamaica,1932,81.09999999999999,1000,1000 Lt,10.016666,10.016666
368,Lithuania,90,Guatemala,1932,95.7,1000,1000 Lt,10.016666,10.016666
368,Lithuania,900,Australia,1932,31.2,1000,1000 Lt,10.016666,10.016666
368,Lithuania,130,Ecuador,1932,12.1,1000,1000 Lt,10.016666,10.016666
368,Lithuania,94,Costa Rica,1932,0,1000,1000 Lt,10.016666,10.016666
368,Lithuania,20,Canada,1932,14.1,1000,1000 Lt,10.016666,10.016666
368,Lithuania,475,Nigeria,1932,.6,1000,1000 Lt,10.016666,10.016666
368,Lithuania,365,Russia,1932,10218.7,1000,1000 Lt,10.016666,10.016666
368,Lithuania,367,Latvia,1932,7753.1,1000,1000 Lt,10.016666,10.016666
368,Lithuania,710,China,1932,103.6,1000,1000 Lt,10.016666,10.016666
368,Lithuania,675,Arabia,1932,0,1000,1000 Lt,10.016666,10.016666
368,Lithuania,225,Switzerland,1932,1909.5,1000,1000 Lt,10.016666,10.016666
368,Lithuania,352,Cyprus,1932,38,1000,1000 Lt,10.016666,10.016666
368,Lithuania,740,Japan,1932,54.4,1000,1000 Lt,10.016666,10.016666
368,Lithuania,140,Brazil,1932,348.9,1000,1000 Lt,10.016666,10.016666
368,Lithuania,41,Haiti,1932,.1,1000,1000 Lt,10.016666,10.016666
368,Lithuania,355,Bulgaria,1932,115.3,1000,1000 Lt,10.016666,10.016666
368,Lithuania,780,Sri Lanka,1932,71.59999999999999,1000,1000 Lt,10.016666,10.016666
368,Lithuania,366,Estonia,1932,2142.2,1000,1000 Lt,10.016666,10.016666
368,Lithuania,93,Nicaragua,1932,0,1000,1000 Lt,10.016666,10.016666
368,Lithuania,101,Venezuela,1932,11.1,1000,1000 Lt,10.016666,10.016666
368,Lithuania,100,Colombia,1932,0,1000,1000 Lt,10.016666,10.016666
368,Lithuania,645,Iraq,1932,1.4,1000,1000 Lt,10.016666,10.016666
368,Lithuania,395,Iceland,1932,0,1000,1000 Lt,10.016666,10.016666
368,Lithuania,360,Romania,1932,1097.8,1000,1000 Lt,10.016666,10.016666
368,Lithuania,580,Madagascar,1932,0,1000,1000 Lt,10.016666,10.016666
368,Lithuania,375,Finland,1932,1910.5,1000,1000 Lt,10.016666,10.016666
368,Lithuania,490,"Congo, Dem. Republic",1933,3,1000,1000 Lt,12.787925,12.787925
368,Lithuania,625,Sudan,1933,9.9,1000,1000 Lt,12.787925,12.787925
368,Lithuania,652,Syria,1933,.2,1000,1000 Lt,12.787925,12.787925
368,Lithuania,800,Thailand,1933,.3,1000,1000 Lt,12.787925,12.787925
368,Lithuania,135,Peru,1933,0,1000,1000 Lt,12.787925,12.787925
368,Lithuania,220,France,1933,4418.5,1000,1000 Lt,12.787925,12.787925
368,Lithuania,305,Austria,1933,2213.9,1000,1000 Lt,12.787925,12.787925
368,Lithuania,780,Sri Lanka,1933,88.8,1000,1000 Lt,12.787925,12.787925
368,Lithuania,541,Mozambique,1933,0,1000,1000 Lt,12.787925,12.787925
368,Lithuania,255,Germany,1933,51288.3,1000,1000 Lt,12.787925,12.787925
368,Lithuania,375,Finland,1933,1426.4,1000,1000 Lt,12.787925,12.787925
368,Lithuania,710,China,1933,34.8,1000,1000 Lt,12.787925,12.787925
368,Lithuania,41,Haiti,1933,0,1000,1000 Lt,12.787925,12.787925
368,Lithuania,475,Nigeria,1933,1.3,1000,1000 Lt,12.787925,12.787925
368,Lithuania,235,Portugal,1933,90.59999999999999,1000,1000 Lt,12.787925,12.787925
368,Lithuania,675,Arabia,1933,0,1000,1000 Lt,12.787925,12.787925
368,Lithuania,93,Nicaragua,1933,0,1000,1000 Lt,12.787925,12.787925
368,Lithuania,90,Guatemala,1933,0,1000,1000 Lt,12.787925,12.787925
368,Lithuania,4,Hawaii,1933,0,1000,1000 Lt,12.787925,12.787925
368,Lithuania,920,New Zealand,1933,34,1000,1000 Lt,12.787925,12.787925
368,Lithuania,665,West Bank And Gaza,1933,109.4,1000,1000 Lt,12.787925,12.787925
368,Lithuania,,,1933,144133.8999999999,1000,1000 Lt,12.787925,12.787925
368,Lithuania,355,Bulgaria,1933,182.6,1000,1000 Lt,12.787925,12.787925
368,Lithuania,410,Canary Islands,1933,.1,1000,1000 Lt,12.787925,12.787925
368,Lithuania,510,Tanzania,1933,0,1000,1000 Lt,12.787925,12.787925
368,Lithuania,20,Canada,1933,33,1000,1000 Lt,12.787925,12.787925
368,Lithuania,55,Grenada,1933,0,1000,1000 Lt,12.787925,12.787925
368,Lithuania,511,Zanzibar,1933,4.3,1000,1000 Lt,12.787925,12.787925
368,Lithuania,720,Hong Kong,1933,.1,1000,1000 Lt,12.787925,12.787925
368,Lithuania,70,Mexico,1933,31.1,1000,1000 Lt,12.787925,12.787925
368,Lithuania,2,United States,1933,4264.9,1000,1000 Lt,12.787925,12.787925
368,Lithuania,580,Madagascar,1933,.6,1000,1000 Lt,12.787925,12.787925
368,Lithuania,365,Russia,1933,7834.3,1000,1000 Lt,12.787925,12.787925
368,Lithuania,530,Ethiopia,1933,0,1000,1000 Lt,12.787925,12.787925
368,Lithuania,8151,Cochin China,1933,.9,1000,1000 Lt,12.787925,12.787925
368,Lithuania,210,Netherlands,1933,4741.6,1000,1000 Lt,12.787925,12.787925
368,Lithuania,315,Czechoslovakia,1933,8611.200000000001,1000,1000 Lt,12.787925,12.787925
368,Lithuania,366,Estonia,1933,558.4,1000,1000 Lt,12.787925,12.787925
368,Lithuania,310,Hungary,1933,96.7,1000,1000 Lt,12.787925,12.787925
368,Lithuania,145,Bolivia,1933,0,1000,1000 Lt,12.787925,12.787925
368,Lithuania,110,Guyana,1933,0,1000,1000 Lt,12.787925,12.787925
368,Lithuania,100,Colombia,1933,0,1000,1000 Lt,12.787925,12.787925
368,Lithuania,352,Cyprus,1933,29.5,1000,1000 Lt,12.787925,12.787925
368,Lithuania,225,Switzerland,1933,1490,1000,1000 Lt,12.787925,12.787925
368,Lithuania,140,Brazil,1933,1027.1,1000,1000 Lt,12.787925,12.787925
368,Lithuania,380,Sweden,1933,2382.3,1000,1000 Lt,12.787925,12.787925
368,Lithuania,101,Venezuela,1933,2.3,1000,1000 Lt,12.787925,12.787925
368,Lithuania,367,Latvia,1933,5672.9,1000,1000 Lt,12.787925,12.787925
368,Lithuania,200,United Kingdom,1933,24346.2,1000,1000 Lt,12.787925,12.787925
368,Lithuania,630,Iran,1933,.1,1000,1000 Lt,12.787925,12.787925
368,Lithuania,211,Belgium,1933,7534.3,1000,1000 Lt,12.787925,12.787925
368,Lithuania,350,Greece,1933,785.2,1000,1000 Lt,12.787925,12.787925
368,Lithuania,750,India,1933,759.8,1000,1000 Lt,12.787925,12.787925
368,Lithuania,130,Ecuador,1933,5.4,1000,1000 Lt,12.787925,12.787925
368,Lithuania,40,Cuba,1933,310.3,1000,1000 Lt,12.787925,12.787925
368,Lithuania,150,Paraguay,1933,16.7,1000,1000 Lt,12.787925,12.787925
368,Lithuania,645,Iraq,1933,0,1000,1000 Lt,12.787925,12.787925
368,Lithuania,165,Uruguay,1933,8,1000,1000 Lt,12.787925,12.787925
368,Lithuania,390,Denmark,1933,1994.9,1000,1000 Lt,12.787925,12.787925
368,Lithuania,540,Angola,1933,29.9,1000,1000 Lt,12.787925,12.787925
368,Lithuania,640,Turkey,1933,126.8,1000,1000 Lt,12.787925,12.787925
368,Lithuania,325,Italy,1933,3053.6,1000,1000 Lt,12.787925,12.787925
368,Lithuania,385,Norway,1933,864.7,1000,1000 Lt,12.787925,12.787925
368,Lithuania,651,Egypt,1933,.2,1000,1000 Lt,12.787925,12.787925
368,Lithuania,360,Romania,1933,1122.2,1000,1000 Lt,12.787925,12.787925
368,Lithuania,230,Spain,1933,491.6,1000,1000 Lt,12.787925,12.787925
368,Lithuania,94,Costa Rica,1933,0,1000,1000 Lt,12.787925,12.787925
368,Lithuania,92,El Salvador,1933,0,1000,1000 Lt,12.787925,12.787925
368,Lithuania,6,Puerto Rico,1933,0,1000,1000 Lt,12.787925,12.787925
368,Lithuania,160,Argentina,1933,471.2,1000,1000 Lt,12.787925,12.787925
368,Lithuania,205,Ireland,1933,11.2,1000,1000 Lt,12.787925,12.787925
368,Lithuania,1065,Curacao,1933,627.7,1000,1000 Lt,12.787925,12.787925
368,Lithuania,615,Algeria,1933,541.5,1000,1000 Lt,12.787925,12.787925
368,Lithuania,155,Chile,1933,167.8,1000,1000 Lt,12.787925,12.787925
368,Lithuania,56,St. Lucia,1933,0,1000,1000 Lt,12.787925,12.787925
368,Lithuania,681,Aden,1933,6.6,1000,1000 Lt,12.787925,12.787925
368,Lithuania,51,Jamaica,1933,52.8,1000,1000 Lt,12.787925,12.787925
368,Lithuania,900,Australia,1933,55.9,1000,1000 Lt,12.787925,12.787925
368,Lithuania,395,Iceland,1933,3.6,1000,1000 Lt,12.787925,12.787925
368,Lithuania,42,Dominican Republic,1933,0,1000,1000 Lt,12.787925,12.787925
368,Lithuania,740,Japan,1933,146.8,1000,1000 Lt,12.787925,12.787925
368,Lithuania,450,Liberia,1933,.2,1000,1000 Lt,12.787925,12.787925
368,Lithuania,640,Turkey,1934,1016.6,1000,1000 Lt,16.765041,16.765041
368,Lithuania,645,Iraq,1934,0,1000,1000 Lt,16.765041,16.765041
368,Lithuania,92,El Salvador,1934,0,1000,1000 Lt,16.765041,16.765041
368,Lithuania,352,Cyprus,1934,11.6,1000,1000 Lt,16.765041,16.765041
368,Lithuania,750,India,1934,581.1,1000,1000 Lt,16.765041,16.765041
368,Lithuania,530,Ethiopia,1934,16.3,1000,1000 Lt,16.765041,16.765041
368,Lithuania,42,Dominican Republic,1934,0,1000,1000 Lt,16.765041,16.765041
368,Lithuania,900,Australia,1934,16.2,1000,1000 Lt,16.765041,16.765041
368,Lithuania,4,Hawaii,1934,2.3,1000,1000 Lt,16.765041,16.765041
368,Lithuania,350,Greece,1934,712.7,1000,1000 Lt,16.765041,16.765041
368,Lithuania,20,Canada,1934,24.4,1000,1000 Lt,16.765041,16.765041
368,Lithuania,380,Sweden,1934,3000.6,1000,1000 Lt,16.765041,16.765041
368,Lithuania,135,Peru,1934,0,1000,1000 Lt,16.765041,16.765041
368,Lithuania,355,Bulgaria,1934,286.3,1000,1000 Lt,16.765041,16.765041
368,Lithuania,225,Switzerland,1934,1720.5,1000,1000 Lt,16.765041,16.765041
368,Lithuania,541,Mozambique,1934,3.5,1000,1000 Lt,16.765041,16.765041
368,Lithuania,150,Paraguay,1934,96,1000,1000 Lt,16.765041,16.765041
368,Lithuania,230,Spain,1934,473.3,1000,1000 Lt,16.765041,16.765041
368,Lithuania,8151,Cochin China,1934,0,1000,1000 Lt,16.765041,16.765041
368,Lithuania,211,Belgium,1934,7894.7,1000,1000 Lt,16.765041,16.765041
368,Lithuania,310,Hungary,1934,164.1,1000,1000 Lt,16.765041,16.765041
368,Lithuania,652,Syria,1934,0,1000,1000 Lt,16.765041,16.765041
368,Lithuania,475,Nigeria,1934,19.2,1000,1000 Lt,16.765041,16.765041
368,Lithuania,920,New Zealand,1934,15.4,1000,1000 Lt,16.765041,16.765041
368,Lithuania,55,Grenada,1934,0,1000,1000 Lt,16.765041,16.765041
368,Lithuania,140,Brazil,1934,788.2,1000,1000 Lt,16.765041,16.765041
368,Lithuania,510,Tanzania,1934,1.1,1000,1000 Lt,16.765041,16.765041
368,Lithuania,1065,Curacao,1934,1403.2,1000,1000 Lt,16.765041,16.765041
368,Lithuania,390,Denmark,1934,2210.2,1000,1000 Lt,16.765041,16.765041
368,Lithuania,615,Algeria,1934,437.9,1000,1000 Lt,16.765041,16.765041
368,Lithuania,540,Angola,1934,0,1000,1000 Lt,16.765041,16.765041
368,Lithuania,101,Venezuela,1934,41.1,1000,1000 Lt,16.765041,16.765041
368,Lithuania,205,Ireland,1934,24.2,1000,1000 Lt,16.765041,16.765041
368,Lithuania,130,Ecuador,1934,8.9,1000,1000 Lt,16.765041,16.765041
368,Lithuania,155,Chile,1934,.1,1000,1000 Lt,16.765041,16.765041
368,Lithuania,490,"Congo, Dem. Republic",1934,0,1000,1000 Lt,16.765041,16.765041
368,Lithuania,51,Jamaica,1934,61.8,1000,1000 Lt,16.765041,16.765041
368,Lithuania,70,Mexico,1934,33.2,1000,1000 Lt,16.765041,16.765041
368,Lithuania,235,Portugal,1934,84.40000000000001,1000,1000 Lt,16.765041,16.765041
368,Lithuania,210,Netherlands,1934,4987.3,1000,1000 Lt,16.765041,16.765041
368,Lithuania,110,Guyana,1934,0,1000,1000 Lt,16.765041,16.765041
368,Lithuania,165,Uruguay,1934,328,1000,1000 Lt,16.765041,16.765041
368,Lithuania,740,Japan,1934,376.7,1000,1000 Lt,16.765041,16.765041
368,Lithuania,200,United Kingdom,1934,35075.5,1000,1000 Lt,16.765041,16.765041
368,Lithuania,365,Russia,1934,5991.8,1000,1000 Lt,16.765041,16.765041
368,Lithuania,160,Argentina,1934,1248.3,1000,1000 Lt,16.765041,16.765041
368,Lithuania,410,Canary Islands,1934,0,1000,1000 Lt,16.765041,16.765041
368,Lithuania,,,1934,139925.7,1000,1000 Lt,16.765041,16.765041
368,Lithuania,93,Nicaragua,1934,0,1000,1000 Lt,16.765041,16.765041
368,Lithuania,375,Finland,1934,755.8,1000,1000 Lt,16.765041,16.765041
368,Lithuania,56,St. Lucia,1934,0,1000,1000 Lt,16.765041,16.765041
368,Lithuania,651,Egypt,1934,.4,1000,1000 Lt,16.765041,16.765041
368,Lithuania,630,Iran,1934,.5,1000,1000 Lt,16.765041,16.765041
368,Lithuania,255,Germany,1934,38842.9,1000,1000 Lt,16.765041,16.765041
368,Lithuania,681,Aden,1934,3,1000,1000 Lt,16.765041,16.765041
368,Lithuania,315,Czechoslovakia,1934,9151.700000000001,1000,1000 Lt,16.765041,16.765041
368,Lithuania,625,Sudan,1934,10.5,1000,1000 Lt,16.765041,16.765041
368,Lithuania,40,Cuba,1934,207.7,1000,1000 Lt,16.765041,16.765041
368,Lithuania,94,Costa Rica,1934,0,1000,1000 Lt,16.765041,16.765041
368,Lithuania,720,Hong Kong,1934,0,1000,1000 Lt,16.765041,16.765041
368,Lithuania,145,Bolivia,1934,10.3,1000,1000 Lt,16.765041,16.765041
368,Lithuania,325,Italy,1934,2627,1000,1000 Lt,16.765041,16.765041
368,Lithuania,6,Puerto Rico,1934,0,1000,1000 Lt,16.765041,16.765041
368,Lithuania,511,Zanzibar,1934,3.5,1000,1000 Lt,16.765041,16.765041
368,Lithuania,665,West Bank And Gaza,1934,100.8,1000,1000 Lt,16.765041,16.765041
368,Lithuania,90,Guatemala,1934,.1,1000,1000 Lt,16.765041,16.765041
368,Lithuania,360,Romania,1934,377.4,1000,1000 Lt,16.765041,16.765041
368,Lithuania,450,Liberia,1934,.2,1000,1000 Lt,16.765041,16.765041
368,Lithuania,395,Iceland,1934,3.3,1000,1000 Lt,16.765041,16.765041
368,Lithuania,367,Latvia,1934,2548.5,1000,1000 Lt,16.765041,16.765041
368,Lithuania,580,Madagascar,1934,0,1000,1000 Lt,16.765041,16.765041
368,Lithuania,366,Estonia,1934,358.5,1000,1000 Lt,16.765041,16.765041
368,Lithuania,100,Colombia,1934,8.800000000000001,1000,1000 Lt,16.765041,16.765041
368,Lithuania,305,Austria,1934,2899.6,1000,1000 Lt,16.765041,16.765041
368,Lithuania,710,China,1934,10.3,1000,1000 Lt,16.765041,16.765041
368,Lithuania,2,United States,1934,3953.6,1000,1000 Lt,16.765041,16.765041
368,Lithuania,780,Sri Lanka,1934,118.6,1000,1000 Lt,16.765041,16.765041
368,Lithuania,41,Haiti,1934,0,1000,1000 Lt,16.765041,16.765041
368,Lithuania,675,Arabia,1934,0,1000,1000 Lt,16.765041,16.765041
368,Lithuania,385,Norway,1934,1125.7,1000,1000 Lt,16.765041,16.765041
368,Lithuania,800,Thailand,1934,0,1000,1000 Lt,16.765041,16.765041
368,Lithuania,220,France,1934,5179.1,1000,1000 Lt,16.765041,16.765041
368,Lithuania,210,Netherlands,1935,6022.2,1000,1000 Lt,16.839867,16.839867
368,Lithuania,55,Grenada,1935,0,1000,1000 Lt,16.839867,16.839867
368,Lithuania,101,Venezuela,1935,5.7,1000,1000 Lt,16.839867,16.839867
368,Lithuania,380,Sweden,1935,3102.4,1000,1000 Lt,16.839867,16.839867
368,Lithuania,93,Nicaragua,1935,0,1000,1000 Lt,16.839867,16.839867
368,Lithuania,100,Colombia,1935,.1,1000,1000 Lt,16.839867,16.839867
368,Lithuania,580,Madagascar,1935,.3,1000,1000 Lt,16.839867,16.839867
368,Lithuania,450,Liberia,1935,0,1000,1000 Lt,16.839867,16.839867
368,Lithuania,92,El Salvador,1935,0,1000,1000 Lt,16.839867,16.839867
368,Lithuania,94,Costa Rica,1935,0,1000,1000 Lt,16.839867,16.839867
368,Lithuania,630,Iran,1935,.2,1000,1000 Lt,16.839867,16.839867
368,Lithuania,325,Italy,1935,1581,1000,1000 Lt,16.839867,16.839867
368,Lithuania,375,Finland,1935,382.2,1000,1000 Lt,16.839867,16.839867
368,Lithuania,235,Portugal,1935,101.2,1000,1000 Lt,16.839867,16.839867
368,Lithuania,625,Sudan,1935,12,1000,1000 Lt,16.839867,16.839867
368,Lithuania,41,Haiti,1935,0,1000,1000 Lt,16.839867,16.839867
368,Lithuania,541,Mozambique,1935,0,1000,1000 Lt,16.839867,16.839867
368,Lithuania,70,Mexico,1935,26.1,1000,1000 Lt,16.839867,16.839867
368,Lithuania,20,Canada,1935,8.9,1000,1000 Lt,16.839867,16.839867
368,Lithuania,920,New Zealand,1935,24.2,1000,1000 Lt,16.839867,16.839867
368,Lithuania,410,Canary Islands,1935,0,1000,1000 Lt,16.839867,16.839867
368,Lithuania,665,West Bank And Gaza,1935,254.5,1000,1000 Lt,16.839867,16.839867
368,Lithuania,110,Guyana,1935,0,1000,1000 Lt,16.839867,16.839867
368,Lithuania,211,Belgium,1935,4930.4,1000,1000 Lt,16.839867,16.839867
368,Lithuania,615,Algeria,1935,294.8,1000,1000 Lt,16.839867,16.839867
368,Lithuania,720,Hong Kong,1935,0,1000,1000 Lt,16.839867,16.839867
368,Lithuania,220,France,1935,4384.9,1000,1000 Lt,16.839867,16.839867
368,Lithuania,145,Bolivia,1935,0,1000,1000 Lt,16.839867,16.839867
368,Lithuania,230,Spain,1935,405.7,1000,1000 Lt,16.839867,16.839867
368,Lithuania,155,Chile,1935,2.7,1000,1000 Lt,16.839867,16.839867
368,Lithuania,750,India,1935,726.5,1000,1000 Lt,16.839867,16.839867
368,Lithuania,310,Hungary,1935,71.09999999999999,1000,1000 Lt,16.839867,16.839867
368,Lithuania,8151,Cochin China,1935,0,1000,1000 Lt,16.839867,16.839867
368,Lithuania,140,Brazil,1935,897,1000,1000 Lt,16.839867,16.839867
368,Lithuania,511,Zanzibar,1935,4.4,1000,1000 Lt,16.839867,16.839867
368,Lithuania,640,Turkey,1935,109.5,1000,1000 Lt,16.839867,16.839867
368,Lithuania,900,Australia,1935,55.8,1000,1000 Lt,16.839867,16.839867
368,Lithuania,530,Ethiopia,1935,44.6,1000,1000 Lt,16.839867,16.839867
368,Lithuania,652,Syria,1935,.2,1000,1000 Lt,16.839867,16.839867
368,Lithuania,710,China,1935,33.7,1000,1000 Lt,16.839867,16.839867
368,Lithuania,90,Guatemala,1935,0,1000,1000 Lt,16.839867,16.839867
368,Lithuania,4,Hawaii,1935,2,1000,1000 Lt,16.839867,16.839867
368,Lithuania,675,Arabia,1935,0,1000,1000 Lt,16.839867,16.839867
368,Lithuania,225,Switzerland,1935,1888.9,1000,1000 Lt,16.839867,16.839867
368,Lithuania,780,Sri Lanka,1935,106.4,1000,1000 Lt,16.839867,16.839867
368,Lithuania,1065,Curacao,1935,1671.7,1000,1000 Lt,16.839867,16.839867
368,Lithuania,205,Ireland,1935,0,1000,1000 Lt,16.839867,16.839867
368,Lithuania,390,Denmark,1935,3345.9,1000,1000 Lt,16.839867,16.839867
368,Lithuania,352,Cyprus,1935,29,1000,1000 Lt,16.839867,16.839867
368,Lithuania,540,Angola,1935,0,1000,1000 Lt,16.839867,16.839867
368,Lithuania,395,Iceland,1935,3.9,1000,1000 Lt,16.839867,16.839867
368,Lithuania,150,Paraguay,1935,14.1,1000,1000 Lt,16.839867,16.839867
368,Lithuania,315,Czechoslovakia,1935,9202.4,1000,1000 Lt,16.839867,16.839867
368,Lithuania,305,Austria,1935,2088.6,1000,1000 Lt,16.839867,16.839867
368,Lithuania,475,Nigeria,1935,28.7,1000,1000 Lt,16.839867,16.839867
368,Lithuania,681,Aden,1935,4.6,1000,1000 Lt,16.839867,16.839867
368,Lithuania,,,1935,129950.9,1000,1000 Lt,16.839867,16.839867
368,Lithuania,800,Thailand,1935,0,1000,1000 Lt,16.839867,16.839867
368,Lithuania,2,United States,1935,3835,1000,1000 Lt,16.839867,16.839867
368,Lithuania,645,Iraq,1935,0,1000,1000 Lt,16.839867,16.839867
368,Lithuania,56,St. Lucia,1935,0,1000,1000 Lt,16.839867,16.839867
368,Lithuania,40,Cuba,1935,90.7,1000,1000 Lt,16.839867,16.839867
368,Lithuania,135,Peru,1935,.1,1000,1000 Lt,16.839867,16.839867
368,Lithuania,51,Jamaica,1935,61.9,1000,1000 Lt,16.839867,16.839867
368,Lithuania,510,Tanzania,1935,52.5,1000,1000 Lt,16.839867,16.839867
368,Lithuania,200,United Kingdom,1935,47938.4,1000,1000 Lt,16.839867,16.839867
368,Lithuania,130,Ecuador,1935,5.1,1000,1000 Lt,16.839867,16.839867
368,Lithuania,366,Estonia,1935,1264.8,1000,1000 Lt,16.839867,16.839867
368,Lithuania,365,Russia,1935,13565,1000,1000 Lt,16.839867,16.839867
368,Lithuania,355,Bulgaria,1935,27.8,1000,1000 Lt,16.839867,16.839867
368,Lithuania,740,Japan,1935,246.7,1000,1000 Lt,16.839867,16.839867
368,Lithuania,165,Uruguay,1935,111.3,1000,1000 Lt,16.839867,16.839867
368,Lithuania,6,Puerto Rico,1935,0,1000,1000 Lt,16.839867,16.839867
368,Lithuania,160,Argentina,1935,1214.3,1000,1000 Lt,16.839867,16.839867
368,Lithuania,490,"Congo, Dem. Republic",1935,5,1000,1000 Lt,16.839867,16.839867
368,Lithuania,360,Romania,1935,45.3,1000,1000 Lt,16.839867,16.839867
368,Lithuania,367,Latvia,1935,1671.7,1000,1000 Lt,16.839867,16.839867
368,Lithuania,350,Greece,1935,168.4,1000,1000 Lt,16.839867,16.839867
368,Lithuania,651,Egypt,1935,3.8,1000,1000 Lt,16.839867,16.839867
368,Lithuania,255,Germany,1935,14662.8,1000,1000 Lt,16.839867,16.839867
368,Lithuania,385,Norway,1935,367.8,1000,1000 Lt,16.839867,16.839867
368,Lithuania,42,Dominican Republic,1935,.2,1000,1000 Lt,16.839867,16.839867
368,Lithuania,920,New Zealand,1936,8.1,1000,1000 Lt,16.753475,16.753475
368,Lithuania,625,Sudan,1936,13.5,1000,1000 Lt,16.753475,16.753475
368,Lithuania,350,Greece,1936,370.4,1000,1000 Lt,16.753475,16.753475
368,Lithuania,56,St. Lucia,1936,0,1000,1000 Lt,16.753475,16.753475
368,Lithuania,665,West Bank And Gaza,1936,152.8,1000,1000 Lt,16.753475,16.753475
368,Lithuania,101,Venezuela,1936,2.3,1000,1000 Lt,16.753475,16.753475
368,Lithuania,580,Madagascar,1936,4.5,1000,1000 Lt,16.753475,16.753475
368,Lithuania,155,Chile,1936,570.1,1000,1000 Lt,16.753475,16.753475
368,Lithuania,40,Cuba,1936,4.6,1000,1000 Lt,16.753475,16.753475
368,Lithuania,20,Canada,1936,53.1,1000,1000 Lt,16.753475,16.753475
368,Lithuania,651,Egypt,1936,48.9,1000,1000 Lt,16.753475,16.753475
368,Lithuania,750,India,1936,1951.1,1000,1000 Lt,16.753475,16.753475
368,Lithuania,630,Iran,1936,.7,1000,1000 Lt,16.753475,16.753475
368,Lithuania,475,Nigeria,1936,9.5,1000,1000 Lt,16.753475,16.753475
368,Lithuania,110,Guyana,1936,0,1000,1000 Lt,16.753475,16.753475
368,Lithuania,380,Sweden,1936,4753.8,1000,1000 Lt,16.753475,16.753475
368,Lithuania,681,Aden,1936,.1,1000,1000 Lt,16.753475,16.753475
368,Lithuania,900,Australia,1936,46.3,1000,1000 Lt,16.753475,16.753475
368,Lithuania,352,Cyprus,1936,27,1000,1000 Lt,16.753475,16.753475
368,Lithuania,93,Nicaragua,1936,0,1000,1000 Lt,16.753475,16.753475
368,Lithuania,130,Ecuador,1936,2.9,1000,1000 Lt,16.753475,16.753475
368,Lithuania,490,"Congo, Dem. Republic",1936,0,1000,1000 Lt,16.753475,16.753475
368,Lithuania,511,Zanzibar,1936,.9,1000,1000 Lt,16.753475,16.753475
368,Lithuania,395,Iceland,1936,1.4,1000,1000 Lt,16.753475,16.753475
368,Lithuania,220,France,1936,4777.8,1000,1000 Lt,16.753475,16.753475
368,Lithuania,450,Liberia,1936,0,1000,1000 Lt,16.753475,16.753475
368,Lithuania,355,Bulgaria,1936,47.2,1000,1000 Lt,16.753475,16.753475
368,Lithuania,135,Peru,1936,0,1000,1000 Lt,16.753475,16.753475
368,Lithuania,390,Denmark,1936,4678.8,1000,1000 Lt,16.753475,16.753475
368,Lithuania,366,Estonia,1936,879.2,1000,1000 Lt,16.753475,16.753475
368,Lithuania,41,Haiti,1936,0,1000,1000 Lt,16.753475,16.753475
368,Lithuania,225,Switzerland,1936,2514.6,1000,1000 Lt,16.753475,16.753475
368,Lithuania,310,Hungary,1936,88.09999999999999,1000,1000 Lt,16.753475,16.753475
368,Lithuania,,,1936,159063.9000000001,1000,1000 Lt,16.753475,16.753475
368,Lithuania,305,Austria,1936,2552.2,1000,1000 Lt,16.753475,16.753475
368,Lithuania,365,Russia,1936,14737.2,1000,1000 Lt,16.753475,16.753475
368,Lithuania,235,Portugal,1936,271,1000,1000 Lt,16.753475,16.753475
368,Lithuania,710,China,1936,11.1,1000,1000 Lt,16.753475,16.753475
368,Lithuania,8151,Cochin China,1936,0,1000,1000 Lt,16.753475,16.753475
368,Lithuania,360,Romania,1936,66.7,1000,1000 Lt,16.753475,16.753475
368,Lithuania,145,Bolivia,1936,0,1000,1000 Lt,16.753475,16.753475
368,Lithuania,615,Algeria,1936,263.5,1000,1000 Lt,16.753475,16.753475
368,Lithuania,42,Dominican Republic,1936,0,1000,1000 Lt,16.753475,16.753475
368,Lithuania,652,Syria,1936,.2,1000,1000 Lt,16.753475,16.753475
368,Lithuania,211,Belgium,1936,13671.6,1000,1000 Lt,16.753475,16.753475
368,Lithuania,367,Latvia,1936,1996.3,1000,1000 Lt,16.753475,16.753475
368,Lithuania,325,Italy,1936,376.4,1000,1000 Lt,16.753475,16.753475
368,Lithuania,150,Paraguay,1936,0,1000,1000 Lt,16.753475,16.753475
368,Lithuania,70,Mexico,1936,16.7,1000,1000 Lt,16.753475,16.753475
368,Lithuania,410,Canary Islands,1936,0,1000,1000 Lt,16.753475,16.753475
368,Lithuania,530,Ethiopia,1936,0,1000,1000 Lt,16.753475,16.753475
368,Lithuania,51,Jamaica,1936,164.2,1000,1000 Lt,16.753475,16.753475
368,Lithuania,94,Costa Rica,1936,0,1000,1000 Lt,16.753475,16.753475
368,Lithuania,780,Sri Lanka,1936,53.4,1000,1000 Lt,16.753475,16.753475
368,Lithuania,230,Spain,1936,612.6,1000,1000 Lt,16.753475,16.753475
368,Lithuania,1065,Curacao,1936,1692.2,1000,1000 Lt,16.753475,16.753475
368,Lithuania,55,Grenada,1936,0,1000,1000 Lt,16.753475,16.753475
368,Lithuania,510,Tanzania,1936,24.7,1000,1000 Lt,16.753475,16.753475
368,Lithuania,315,Czechoslovakia,1936,7451.2,1000,1000 Lt,16.753475,16.753475
368,Lithuania,675,Arabia,1936,0,1000,1000 Lt,16.753475,16.753475
368,Lithuania,140,Brazil,1936,493.5,1000,1000 Lt,16.753475,16.753475
368,Lithuania,210,Netherlands,1936,7050,1000,1000 Lt,16.753475,16.753475
368,Lithuania,255,Germany,1936,14400.2,1000,1000 Lt,16.753475,16.753475
368,Lithuania,541,Mozambique,1936,.4,1000,1000 Lt,16.753475,16.753475
368,Lithuania,4,Hawaii,1936,4.9,1000,1000 Lt,16.753475,16.753475
368,Lithuania,100,Colombia,1936,0,1000,1000 Lt,16.753475,16.753475
368,Lithuania,740,Japan,1936,187,1000,1000 Lt,16.753475,16.753475
368,Lithuania,385,Norway,1936,1411.1,1000,1000 Lt,16.753475,16.753475
368,Lithuania,2,United States,1936,4385.6,1000,1000 Lt,16.753475,16.753475
368,Lithuania,165,Uruguay,1936,.2,1000,1000 Lt,16.753475,16.753475
368,Lithuania,90,Guatemala,1936,0,1000,1000 Lt,16.753475,16.753475
368,Lithuania,800,Thailand,1936,0,1000,1000 Lt,16.753475,16.753475
368,Lithuania,205,Ireland,1936,0,1000,1000 Lt,16.753475,16.753475
368,Lithuania,375,Finland,1936,366.7,1000,1000 Lt,16.753475,16.753475
368,Lithuania,645,Iraq,1936,0,1000,1000 Lt,16.753475,16.753475
368,Lithuania,6,Puerto Rico,1936,0,1000,1000 Lt,16.753475,16.753475
368,Lithuania,200,United Kingdom,1936,57021.6,1000,1000 Lt,16.753475,16.753475
368,Lithuania,160,Argentina,1936,2693.2,1000,1000 Lt,16.753475,16.753475
368,Lithuania,720,Hong Kong,1936,0,1000,1000 Lt,16.753475,16.753475
368,Lithuania,540,Angola,1936,0,1000,1000 Lt,16.753475,16.753475
368,Lithuania,92,El Salvador,1936,.4,1000,1000 Lt,16.753475,16.753475
368,Lithuania,640,Turkey,1936,73.59999999999999,1000,1000 Lt,16.753475,16.753475
368,Lithuania,211,Belgium,1937,16749.6,1000,1000 Lt,16.827442,16.827442
368,Lithuania,540,Angola,1937,0,1000,1000 Lt,16.827442,16.827442
368,Lithuania,475,Nigeria,1937,89.09999999999999,1000,1000 Lt,16.827442,16.827442
368,Lithuania,920,New Zealand,1937,21.6,1000,1000 Lt,16.827442,16.827442
368,Lithuania,130,Ecuador,1937,4.3,1000,1000 Lt,16.827442,16.827442
368,Lithuania,665,West Bank And Gaza,1937,125.6,1000,1000 Lt,16.827442,16.827442
368,Lithuania,145,Bolivia,1937,0,1000,1000 Lt,16.827442,16.827442
368,Lithuania,640,Turkey,1937,119.8,1000,1000 Lt,16.827442,16.827442
368,Lithuania,510,Tanzania,1937,86.7,1000,1000 Lt,16.827442,16.827442
368,Lithuania,615,Algeria,1937,680.3,1000,1000 Lt,16.827442,16.827442
368,Lithuania,395,Iceland,1937,.6,1000,1000 Lt,16.827442,16.827442
368,Lithuania,900,Australia,1937,147.8,1000,1000 Lt,16.827442,16.827442
368,Lithuania,366,Estonia,1937,836.6,1000,1000 Lt,16.827442,16.827442
368,Lithuania,681,Aden,1937,0,1000,1000 Lt,16.827442,16.827442
368,Lithuania,20,Canada,1937,60.2,1000,1000 Lt,16.827442,16.827442
368,Lithuania,205,Ireland,1937,0,1000,1000 Lt,16.827442,16.827442
368,Lithuania,675,Arabia,1937,0,1000,1000 Lt,16.827442,16.827442
368,Lithuania,305,Austria,1937,1616,1000,1000 Lt,16.827442,16.827442
368,Lithuania,800,Thailand,1937,0,1000,1000 Lt,16.827442,16.827442
368,Lithuania,385,Norway,1937,855.9,1000,1000 Lt,16.827442,16.827442
368,Lithuania,630,Iran,1937,4.1,1000,1000 Lt,16.827442,16.827442
368,Lithuania,651,Egypt,1937,0,1000,1000 Lt,16.827442,16.827442
368,Lithuania,390,Denmark,1937,6930.1,1000,1000 Lt,16.827442,16.827442
368,Lithuania,140,Brazil,1937,492.1,1000,1000 Lt,16.827442,16.827442
368,Lithuania,410,Canary Islands,1937,.3,1000,1000 Lt,16.827442,16.827442
368,Lithuania,6,Puerto Rico,1937,3.4,1000,1000 Lt,16.827442,16.827442
368,Lithuania,56,St. Lucia,1937,0,1000,1000 Lt,16.827442,16.827442
368,Lithuania,740,Japan,1937,178.4,1000,1000 Lt,16.827442,16.827442
368,Lithuania,100,Colombia,1937,0,1000,1000 Lt,16.827442,16.827442
368,Lithuania,580,Madagascar,1937,7.3,1000,1000 Lt,16.827442,16.827442
368,Lithuania,2,United States,1937,7383,1000,1000 Lt,16.827442,16.827442
368,Lithuania,645,Iraq,1937,0,1000,1000 Lt,16.827442,16.827442
368,Lithuania,375,Finland,1937,404.6,1000,1000 Lt,16.827442,16.827442
368,Lithuania,55,Grenada,1937,8.800000000000001,1000,1000 Lt,16.827442,16.827442
368,Lithuania,710,China,1937,12.2,1000,1000 Lt,16.827442,16.827442
368,Lithuania,160,Argentina,1937,3254.6,1000,1000 Lt,16.827442,16.827442
368,Lithuania,490,"Congo, Dem. Republic",1937,0,1000,1000 Lt,16.827442,16.827442
368,Lithuania,350,Greece,1937,606.4,1000,1000 Lt,16.827442,16.827442
368,Lithuania,530,Ethiopia,1937,0,1000,1000 Lt,16.827442,16.827442
368,Lithuania,4,Hawaii,1937,11.8,1000,1000 Lt,16.827442,16.827442
368,Lithuania,360,Romania,1937,6.9,1000,1000 Lt,16.827442,16.827442
368,Lithuania,625,Sudan,1937,3.9,1000,1000 Lt,16.827442,16.827442
368,Lithuania,230,Spain,1937,448.6,1000,1000 Lt,16.827442,16.827442
368,Lithuania,1065,Curacao,1937,2094,1000,1000 Lt,16.827442,16.827442
368,Lithuania,210,Netherlands,1937,8867.799999999999,1000,1000 Lt,16.827442,16.827442
368,Lithuania,355,Bulgaria,1937,756.2,1000,1000 Lt,16.827442,16.827442
368,Lithuania,135,Peru,1937,.2,1000,1000 Lt,16.827442,16.827442
368,Lithuania,780,Sri Lanka,1937,93.7,1000,1000 Lt,16.827442,16.827442
368,Lithuania,90,Guatemala,1937,1.9,1000,1000 Lt,16.827442,16.827442
368,Lithuania,51,Jamaica,1937,87.90000000000001,1000,1000 Lt,16.827442,16.827442
368,Lithuania,42,Dominican Republic,1937,0,1000,1000 Lt,16.827442,16.827442
368,Lithuania,70,Mexico,1937,14,1000,1000 Lt,16.827442,16.827442
368,Lithuania,,,1937,217028.2,1000,1000 Lt,16.827442,16.827442
368,Lithuania,352,Cyprus,1937,27.2,1000,1000 Lt,16.827442,16.827442
368,Lithuania,235,Portugal,1937,198.5,1000,1000 Lt,16.827442,16.827442
368,Lithuania,255,Germany,1937,46380.9,1000,1000 Lt,16.827442,16.827442
368,Lithuania,720,Hong Kong,1937,37.3,1000,1000 Lt,16.827442,16.827442
368,Lithuania,165,Uruguay,1937,305.3,1000,1000 Lt,16.827442,16.827442
368,Lithuania,225,Switzerland,1937,3483.4,1000,1000 Lt,16.827442,16.827442
368,Lithuania,110,Guyana,1937,2.3,1000,1000 Lt,16.827442,16.827442
368,Lithuania,40,Cuba,1937,596.5,1000,1000 Lt,16.827442,16.827442
368,Lithuania,94,Costa Rica,1937,2.1,1000,1000 Lt,16.827442,16.827442
368,Lithuania,92,El Salvador,1937,.1,1000,1000 Lt,16.827442,16.827442
368,Lithuania,155,Chile,1937,0,1000,1000 Lt,16.827442,16.827442
368,Lithuania,541,Mozambique,1937,0,1000,1000 Lt,16.827442,16.827442
368,Lithuania,325,Italy,1937,1541.4,1000,1000 Lt,16.827442,16.827442
368,Lithuania,365,Russia,1937,17896.1,1000,1000 Lt,16.827442,16.827442
368,Lithuania,220,France,1937,5638.2,1000,1000 Lt,16.827442,16.827442
368,Lithuania,450,Liberia,1937,0,1000,1000 Lt,16.827442,16.827442
368,Lithuania,101,Venezuela,1937,24.4,1000,1000 Lt,16.827442,16.827442
368,Lithuania,367,Latvia,1937,2122,1000,1000 Lt,16.827442,16.827442
368,Lithuania,93,Nicaragua,1937,0,1000,1000 Lt,16.827442,16.827442
368,Lithuania,150,Paraguay,1937,19.8,1000,1000 Lt,16.827442,16.827442
368,Lithuania,8151,Cochin China,1937,0,1000,1000 Lt,16.827442,16.827442
368,Lithuania,41,Haiti,1937,0,1000,1000 Lt,16.827442,16.827442
368,Lithuania,750,India,1937,3646.2,1000,1000 Lt,16.827442,16.827442
368,Lithuania,652,Syria,1937,7.5,1000,1000 Lt,16.827442,16.827442
368,Lithuania,315,Czechoslovakia,1937,6936.7,1000,1000 Lt,16.827442,16.827442
368,Lithuania,310,Hungary,1937,71.40000000000001,1000,1000 Lt,16.827442,16.827442
368,Lithuania,380,Sweden,1937,6986.1,1000,1000 Lt,16.827442,16.827442
368,Lithuania,511,Zanzibar,1937,1.4,1000,1000 Lt,16.827442,16.827442
368,Lithuania,200,United Kingdom,1937,59314.5,1000,1000 Lt,16.827442,16.827442
368,Lithuania,205,Ireland,1938,0,1000,1000 Lt,16.816126,16.816126
368,Lithuania,94,Costa Rica,1938,0,1000,1000 Lt,16.816126,16.816126
368,Lithuania,615,Algeria,1938,324.6,1000,1000 Lt,16.816126,16.816126
368,Lithuania,101,Venezuela,1938,1.5,1000,1000 Lt,16.816126,16.816126
368,Lithuania,145,Bolivia,1938,0,1000,1000 Lt,16.816126,16.816126
368,Lithuania,305,Austria,1938,1198.3,1000,1000 Lt,16.816126,16.816126
368,Lithuania,255,Germany,1938,54704.2,1000,1000 Lt,16.816126,16.816126
368,Lithuania,70,Mexico,1938,19.3,1000,1000 Lt,16.816126,16.816126
368,Lithuania,100,Colombia,1938,12,1000,1000 Lt,16.816126,16.816126
368,Lithuania,800,Thailand,1938,.3,1000,1000 Lt,16.816126,16.816126
368,Lithuania,40,Cuba,1938,620.6,1000,1000 Lt,16.816126,16.816126
368,Lithuania,665,West Bank And Gaza,1938,1000.9,1000,1000 Lt,16.816126,16.816126
368,Lithuania,2,United States,1938,8236.4,1000,1000 Lt,16.816126,16.816126
368,Lithuania,490,"Congo, Dem. Republic",1938,0,1000,1000 Lt,16.816126,16.816126
368,Lithuania,390,Denmark,1938,3161.6,1000,1000 Lt,16.816126,16.816126
368,Lithuania,211,Belgium,1938,8630.4,1000,1000 Lt,16.816126,16.816126
368,Lithuania,160,Argentina,1938,1856.1,1000,1000 Lt,16.816126,16.816126
368,Lithuania,4,Hawaii,1938,20.9,1000,1000 Lt,16.816126,16.816126
368,Lithuania,510,Tanzania,1938,66.2,1000,1000 Lt,16.816126,16.816126
368,Lithuania,630,Iran,1938,1.9,1000,1000 Lt,16.816126,16.816126
368,Lithuania,56,St. Lucia,1938,1,1000,1000 Lt,16.816126,16.816126
368,Lithuania,41,Haiti,1938,0,1000,1000 Lt,16.816126,16.816126
368,Lithuania,740,Japan,1938,161.8,1000,1000 Lt,16.816126,16.816126
368,Lithuania,130,Ecuador,1938,4.9,1000,1000 Lt,16.816126,16.816126
368,Lithuania,135,Peru,1938,0,1000,1000 Lt,16.816126,16.816126
368,Lithuania,325,Italy,1938,2574.6,1000,1000 Lt,16.816126,16.816126
368,Lithuania,220,France,1938,7099.9,1000,1000 Lt,16.816126,16.816126
368,Lithuania,,,1938,227186.0999999999,1000,1000 Lt,16.816126,16.816126
368,Lithuania,6,Puerto Rico,1938,.7,1000,1000 Lt,16.816126,16.816126
368,Lithuania,580,Madagascar,1938,7.5,1000,1000 Lt,16.816126,16.816126
368,Lithuania,350,Greece,1938,403.2,1000,1000 Lt,16.816126,16.816126
368,Lithuania,625,Sudan,1938,27.4,1000,1000 Lt,16.816126,16.816126
368,Lithuania,90,Guatemala,1938,0,1000,1000 Lt,16.816126,16.816126
368,Lithuania,150,Paraguay,1938,53.8,1000,1000 Lt,16.816126,16.816126
368,Lithuania,235,Portugal,1938,263.8,1000,1000 Lt,16.816126,16.816126
368,Lithuania,385,Norway,1938,2165,1000,1000 Lt,16.816126,16.816126
368,Lithuania,51,Jamaica,1938,125.6,1000,1000 Lt,16.816126,16.816126
368,Lithuania,530,Ethiopia,1938,0,1000,1000 Lt,16.816126,16.816126
368,Lithuania,230,Spain,1938,229.5,1000,1000 Lt,16.816126,16.816126
368,Lithuania,675,Arabia,1938,0,1000,1000 Lt,16.816126,16.816126
368,Lithuania,710,China,1938,22.8,1000,1000 Lt,16.816126,16.816126
368,Lithuania,352,Cyprus,1938,20.9,1000,1000 Lt,16.816126,16.816126
368,Lithuania,540,Angola,1938,0,1000,1000 Lt,16.816126,16.816126
368,Lithuania,367,Latvia,1938,2458.4,1000,1000 Lt,16.816126,16.816126
368,Lithuania,652,Syria,1938,44.6,1000,1000 Lt,16.816126,16.816126
368,Lithuania,365,Russia,1938,14954.4,1000,1000 Lt,16.816126,16.816126
368,Lithuania,155,Chile,1938,87,1000,1000 Lt,16.816126,16.816126
368,Lithuania,366,Estonia,1938,1388.4,1000,1000 Lt,16.816126,16.816126
368,Lithuania,475,Nigeria,1938,7.3,1000,1000 Lt,16.816126,16.816126
368,Lithuania,450,Liberia,1938,0,1000,1000 Lt,16.816126,16.816126
368,Lithuania,310,Hungary,1938,314.8,1000,1000 Lt,16.816126,16.816126
368,Lithuania,110,Guyana,1938,0,1000,1000 Lt,16.816126,16.816126
368,Lithuania,360,Romania,1938,14.5,1000,1000 Lt,16.816126,16.816126
368,Lithuania,640,Turkey,1938,222,1000,1000 Lt,16.816126,16.816126
368,Lithuania,780,Sri Lanka,1938,121.7,1000,1000 Lt,16.816126,16.816126
368,Lithuania,395,Iceland,1938,.3,1000,1000 Lt,16.816126,16.816126
368,Lithuania,20,Canada,1938,36.3,1000,1000 Lt,16.816126,16.816126
368,Lithuania,165,Uruguay,1938,713.5,1000,1000 Lt,16.816126,16.816126
368,Lithuania,380,Sweden,1938,5340.4,1000,1000 Lt,16.816126,16.816126
368,Lithuania,355,Bulgaria,1938,220.6,1000,1000 Lt,16.816126,16.816126
368,Lithuania,210,Netherlands,1938,10655.4,1000,1000 Lt,16.816126,16.816126
368,Lithuania,1065,Curacao,1938,2363.9,1000,1000 Lt,16.816126,16.816126
368,Lithuania,750,India,1938,3228.2,1000,1000 Lt,16.816126,16.816126
368,Lithuania,511,Zanzibar,1938,0,1000,1000 Lt,16.816126,16.816126
368,Lithuania,681,Aden,1938,0,1000,1000 Lt,16.816126,16.816126
368,Lithuania,225,Switzerland,1938,6357.7,1000,1000 Lt,16.816126,16.816126
368,Lithuania,541,Mozambique,1938,0,1000,1000 Lt,16.816126,16.816126
368,Lithuania,410,Canary Islands,1938,.5,1000,1000 Lt,16.816126,16.816126
368,Lithuania,720,Hong Kong,1938,2.1,1000,1000 Lt,16.816126,16.816126
368,Lithuania,140,Brazil,1938,263.3,1000,1000 Lt,16.816126,16.816126
368,Lithuania,93,Nicaragua,1938,0,1000,1000 Lt,16.816126,16.816126
368,Lithuania,920,New Zealand,1938,22.8,1000,1000 Lt,16.816126,16.816126
368,Lithuania,375,Finland,1938,618.6,1000,1000 Lt,16.816126,16.816126
368,Lithuania,55,Grenada,1938,.7,1000,1000 Lt,16.816126,16.816126
368,Lithuania,315,Czechoslovakia,1938,8474.799999999999,1000,1000 Lt,16.816126,16.816126
368,Lithuania,92,El Salvador,1938,0,1000,1000 Lt,16.816126,16.816126
368,Lithuania,651,Egypt,1938,0,1000,1000 Lt,16.816126,16.816126
368,Lithuania,42,Dominican Republic,1938,.5,1000,1000 Lt,16.816126,16.816126
368,Lithuania,8151,Cochin China,1938,0,1000,1000 Lt,16.816126,16.816126
368,Lithuania,900,Australia,1938,79.59999999999999,1000,1000 Lt,16.816126,16.816126
368,Lithuania,200,United Kingdom,1938,69175.39999999999,1000,1000 Lt,16.816126,16.816126
368,Lithuania,645,Iraq,1938,0,1000,1000 Lt,16.816126,16.816126
368,Lithuania,,,1923,,,,9.9552002,9.9552002
368,Lithuania,,,1924,,,,9.9223671,9.9223671
368,Lithuania,,,1939,,,,16.683575,16.683575
368,Lithuania,,,1940,,,,14.786333,14.786333
368,Lithuania,,,1941,,,,3.8980751,3.8980751
368,Lithuania,,,1942,,,,2.49265,2.49265
368,Lithuania,,,1943,,,,2.4911749,2.4911749
368,Lithuania,,,1944,,,,5.3000002,5.3000002
368,Lithuania,,,1945,,,,5.3000002,5.3000002
368,Lithuania,,,1946,,,,5.3000002,5.3000002
368,Lithuania,,,1947,,,,5.3000002,5.3000002
368,Lithuania,,,1948,,,,5.3000002,5.3000002
368,Lithuania,,,1949,,,,5.3000002,5.3000002
368,Lithuania,,,1950,,,,4.1083331,4.1083331
