ccode1,country1,ccode2,country2,year,imp,places,currency,xr_gfd,xr_gfd_trade
115,Suriname,511,Zanzibar,1931,0,1,,2.4860582,2.4860582
115,Suriname,290,Poland,1931,0,1,,2.4860582,2.4860582
115,Suriname,40,Cuba,1931,0,1,,2.4860582,2.4860582
115,Suriname,6,Puerto Rico,1931,0,1,,2.4860582,2.4860582
115,Suriname,640,Turkey,1931,0,1,,2.4860582,2.4860582
115,Suriname,55,Grenada,1931,0,1,,2.4860582,2.4860582
115,Suriname,645,Iraq,1931,0,1,,2.4860582,2.4860582
115,Suriname,140,Brazil,1931,7196,1,,2.4860582,2.4860582
115,Suriname,1069,Aruba,1931,0,1,,2.4860582,2.4860582
115,Suriname,710,China,1931,4952,1,,2.4860582,2.4860582
115,Suriname,68,Netherlands Antilles,1931,0,1,,2.4860582,2.4860582
115,Suriname,42,Dominican Republic,1931,0,1,,2.4860582,2.4860582
115,Suriname,90,Guatemala,1931,0,1,,2.4860582,2.4860582
115,Suriname,385,Norway,1931,0,1,,2.4860582,2.4860582
115,Suriname,70,Mexico,1931,1422,1,,2.4860582,2.4860582
115,Suriname,920,New Zealand,1931,0,1,,2.4860582,2.4860582
115,Suriname,53,Barbados,1931,5222,1,,2.4860582,2.4860582
115,Suriname,900,Australia,1931,0,1,,2.4860582,2.4860582
115,Suriname,380,Sweden,1931,0,1,,2.4860582,2.4860582
115,Suriname,3,Alaska,1931,0,1,,2.4860582,2.4860582
115,Suriname,205,Ireland,1931,0,1,,2.4860582,2.4860582
115,Suriname,51,Jamaica,1931,0,1,,2.4860582,2.4860582
115,Suriname,651,Egypt,1931,0,1,,2.4860582,2.4860582
115,Suriname,41,Haiti,1931,0,1,,2.4860582,2.4860582
115,Suriname,355,Bulgaria,1931,10,1,,2.4860582,2.4860582
115,Suriname,665,West Bank And Gaza,1931,0,1,,2.4860582,2.4860582
115,Suriname,65,Guadeloupe,1931,0,1,,2.4860582,2.4860582
115,Suriname,155,Chile,1931,0,1,,2.4860582,2.4860582
115,Suriname,2,United States,1931,1611144,1,,2.4860582,2.4860582
115,Suriname,212,Luxembourg,1931,393,1,,2.4860582,2.4860582
115,Suriname,66,Martinique,1931,15308,1,,2.4860582,2.4860582
115,Suriname,740,Japan,1931,7019,1,,2.4860582,2.4860582
115,Suriname,554,Rhodesia,1931,0,1,,2.4860582,2.4860582
115,Suriname,1065,Curacao,1931,110916,1,,2.4860582,2.4860582
115,Suriname,,,1931,6638087,1,,2.4860582,2.4860582
115,Suriname,310,Hungary,1931,0,1,,2.4860582,2.4860582
115,Suriname,165,Uruguay,1931,0,1,,2.4860582,2.4860582
115,Suriname,110,Guyana,1931,647140,1,,2.4860582,2.4860582
115,Suriname,366,Estonia,1931,0,1,,2.4860582,2.4860582
115,Suriname,315,Czechoslovakia,1931,307,1,,2.4860582,2.4860582
115,Suriname,120,French Guiana,1931,21254,1,,2.4860582,2.4860582
115,Suriname,52,Trinidad And Tobago,1931,276863,1,,2.4860582,2.4860582
115,Suriname,345,Yugoslavia,1931,0,1,,2.4860582,2.4860582
115,Suriname,230,Spain,1931,0,1,,2.4860582,2.4860582
115,Suriname,235,Portugal,1931,0,1,,2.4860582,2.4860582
115,Suriname,800,Thailand,1931,0,1,,2.4860582,2.4860582
115,Suriname,365,Russia,1931,0,1,,2.4860582,2.4860582
115,Suriname,57,St. Vincent And The Grenadines,1931,0,1,,2.4860582,2.4860582
115,Suriname,96,Panama Canal Zone,1931,0,1,,2.4860582,2.4860582
115,Suriname,130,Ecuador,1931,0,1,,2.4860582,2.4860582
115,Suriname,660,Lebanon,1931,0,1,,2.4860582,2.4860582
115,Suriname,210,Netherlands,1931,3575720,1,,2.4860582,2.4860582
115,Suriname,770,Pakistan,1931,0,1,,2.4860582,2.4860582
115,Suriname,750,India,1931,14028,1,,2.4860582,2.4860582
115,Suriname,850,Indonesia,1931,0,1,,2.4860582,2.4860582
115,Suriname,8501,Java,1931,0,1,,2.4860582,2.4860582
115,Suriname,390,Denmark,1931,62,1,,2.4860582,2.4860582
115,Suriname,100,Colombia,1931,0,1,,2.4860582,2.4860582
115,Suriname,367,Latvia,1931,0,1,,2.4860582,2.4860582
115,Suriname,325,Italy,1931,1759,1,,2.4860582,2.4860582
115,Suriname,56,St. Lucia,1931,0,1,,2.4860582,2.4860582
115,Suriname,1062,Anguilla,1931,0,1,,2.4860582,2.4860582
115,Suriname,401,Madeira,1931,21896,1,,2.4860582,2.4860582
115,Suriname,255,Germany,1931,88641,1,,2.4860582,2.4860582
115,Suriname,95,Panama,1931,0,1,,2.4860582,2.4860582
115,Suriname,231,Gibraltar,1931,0,1,,2.4860582,2.4860582
115,Suriname,1066,Bonaire,1931,0,1,,2.4860582,2.4860582
115,Suriname,200,United Kingdom,1931,108480,1,,2.4860582,2.4860582
115,Suriname,135,Peru,1931,0,1,,2.4860582,2.4860582
115,Suriname,827,Straits Settlement,1931,0,1,,2.4860582,2.4860582
115,Suriname,305,Austria,1931,144,1,,2.4860582,2.4860582
115,Suriname,652,Syria,1931,0,1,,2.4860582,2.4860582
115,Suriname,630,Iran,1931,0,1,,2.4860582,2.4860582
115,Suriname,220,France,1931,37759,1,,2.4860582,2.4860582
115,Suriname,58,Antigua And Barbuda,1931,0,1,,2.4860582,2.4860582
115,Suriname,225,Switzerland,1931,6490,1,,2.4860582,2.4860582
115,Suriname,20,Canada,1931,710,1,,2.4860582,2.4860582
115,Suriname,830,Singapore,1931,0,1,,2.4860582,2.4860582
115,Suriname,54,Dominica,1931,301,1,,2.4860582,2.4860582
115,Suriname,211,Belgium,1931,1100,1,,2.4860582,2.4860582
115,Suriname,160,Argentina,1931,0,1,,2.4860582,2.4860582
115,Suriname,780,Sri Lanka,1931,3,1,,2.4860582,2.4860582
115,Suriname,101,Venezuela,1931,0,1,,2.4860582,2.4860582
115,Suriname,91,Honduras,1931,0,1,,2.4860582,2.4860582
115,Suriname,51,Jamaica,1932,0,1,,2.479275,2.479275
115,Suriname,830,Singapore,1932,0,1,,2.479275,2.479275
115,Suriname,220,France,1932,108558,1,,2.479275,2.479275
115,Suriname,53,Barbados,1932,4146,1,,2.479275,2.479275
115,Suriname,230,Spain,1932,2210,1,,2.479275,2.479275
115,Suriname,91,Honduras,1932,0,1,,2.479275,2.479275
115,Suriname,90,Guatemala,1932,0,1,,2.479275,2.479275
115,Suriname,390,Denmark,1932,3335,1,,2.479275,2.479275
115,Suriname,770,Pakistan,1932,0,1,,2.479275,2.479275
115,Suriname,205,Ireland,1932,0,1,,2.479275,2.479275
115,Suriname,665,West Bank And Gaza,1932,0,1,,2.479275,2.479275
115,Suriname,65,Guadeloupe,1932,0,1,,2.479275,2.479275
115,Suriname,255,Germany,1932,208672,1,,2.479275,2.479275
115,Suriname,401,Madeira,1932,18743,1,,2.479275,2.479275
115,Suriname,1062,Anguilla,1932,0,1,,2.479275,2.479275
115,Suriname,212,Luxembourg,1932,0,1,,2.479275,2.479275
115,Suriname,96,Panama Canal Zone,1932,0,1,,2.479275,2.479275
115,Suriname,235,Portugal,1932,1965,1,,2.479275,2.479275
115,Suriname,3,Alaska,1932,0,1,,2.479275,2.479275
115,Suriname,95,Panama,1932,0,1,,2.479275,2.479275
115,Suriname,750,India,1932,177,1,,2.479275,2.479275
115,Suriname,210,Netherlands,1932,2301224,1,,2.479275,2.479275
115,Suriname,155,Chile,1932,0,1,,2.479275,2.479275
115,Suriname,305,Austria,1932,684,1,,2.479275,2.479275
115,Suriname,850,Indonesia,1932,0,1,,2.479275,2.479275
115,Suriname,385,Norway,1932,1082,1,,2.479275,2.479275
115,Suriname,367,Latvia,1932,0,1,,2.479275,2.479275
115,Suriname,740,Japan,1932,102853,1,,2.479275,2.479275
115,Suriname,211,Belgium,1932,7459,1,,2.479275,2.479275
115,Suriname,66,Martinique,1932,217,1,,2.479275,2.479275
115,Suriname,630,Iran,1932,0,1,,2.479275,2.479275
115,Suriname,165,Uruguay,1932,0,1,,2.479275,2.479275
115,Suriname,120,French Guiana,1932,22475,1,,2.479275,2.479275
115,Suriname,325,Italy,1932,9347,1,,2.479275,2.479275
115,Suriname,345,Yugoslavia,1932,0,1,,2.479275,2.479275
115,Suriname,1066,Bonaire,1932,502,1,,2.479275,2.479275
115,Suriname,827,Straits Settlement,1932,0,1,,2.479275,2.479275
115,Suriname,900,Australia,1932,929,1,,2.479275,2.479275
115,Suriname,55,Grenada,1932,0,1,,2.479275,2.479275
115,Suriname,554,Rhodesia,1932,0,1,,2.479275,2.479275
115,Suriname,58,Antigua And Barbuda,1932,0,1,,2.479275,2.479275
115,Suriname,52,Trinidad And Tobago,1932,137097,1,,2.479275,2.479275
115,Suriname,355,Bulgaria,1932,0,1,,2.479275,2.479275
115,Suriname,68,Netherlands Antilles,1932,0,1,,2.479275,2.479275
115,Suriname,231,Gibraltar,1932,0,1,,2.479275,2.479275
115,Suriname,,,1932,5721440,1,,2.479275,2.479275
115,Suriname,645,Iraq,1932,0,1,,2.479275,2.479275
115,Suriname,200,United Kingdom,1932,989574,1,,2.479275,2.479275
115,Suriname,56,St. Lucia,1932,0,1,,2.479275,2.479275
115,Suriname,130,Ecuador,1932,0,1,,2.479275,2.479275
115,Suriname,135,Peru,1932,0,1,,2.479275,2.479275
115,Suriname,101,Venezuela,1932,508,1,,2.479275,2.479275
115,Suriname,366,Estonia,1932,0,1,,2.479275,2.479275
115,Suriname,2,United States,1932,1212313,1,,2.479275,2.479275
115,Suriname,100,Colombia,1932,0,1,,2.479275,2.479275
115,Suriname,1069,Aruba,1932,0,1,,2.479275,2.479275
115,Suriname,310,Hungary,1932,522,1,,2.479275,2.479275
115,Suriname,315,Czechoslovakia,1932,6957,1,,2.479275,2.479275
115,Suriname,651,Egypt,1932,2,1,,2.479275,2.479275
115,Suriname,652,Syria,1932,0,1,,2.479275,2.479275
115,Suriname,660,Lebanon,1932,0,1,,2.479275,2.479275
115,Suriname,8501,Java,1932,0,1,,2.479275,2.479275
115,Suriname,920,New Zealand,1932,0,1,,2.479275,2.479275
115,Suriname,42,Dominican Republic,1932,0,1,,2.479275,2.479275
115,Suriname,70,Mexico,1932,0,1,,2.479275,2.479275
115,Suriname,54,Dominica,1932,0,1,,2.479275,2.479275
115,Suriname,140,Brazil,1932,885,1,,2.479275,2.479275
115,Suriname,365,Russia,1932,0,1,,2.479275,2.479275
115,Suriname,511,Zanzibar,1932,0,1,,2.479275,2.479275
115,Suriname,290,Poland,1932,260,1,,2.479275,2.479275
115,Suriname,640,Turkey,1932,0,1,,2.479275,2.479275
115,Suriname,20,Canada,1932,161777,1,,2.479275,2.479275
115,Suriname,57,St. Vincent And The Grenadines,1932,0,1,,2.479275,2.479275
115,Suriname,40,Cuba,1932,0,1,,2.479275,2.479275
115,Suriname,160,Argentina,1932,37296,1,,2.479275,2.479275
115,Suriname,110,Guyana,1932,170732,1,,2.479275,2.479275
115,Suriname,41,Haiti,1932,0,1,,2.479275,2.479275
115,Suriname,800,Thailand,1932,0,1,,2.479275,2.479275
115,Suriname,1065,Curacao,1932,18706,1,,2.479275,2.479275
115,Suriname,780,Sri Lanka,1932,0,1,,2.479275,2.479275
115,Suriname,710,China,1932,44939,1,,2.479275,2.479275
115,Suriname,380,Sweden,1932,742,1,,2.479275,2.479275
115,Suriname,6,Puerto Rico,1932,0,1,,2.479275,2.479275
115,Suriname,225,Switzerland,1932,2844,1,,2.479275,2.479275
115,Suriname,315,Czechoslovakia,1933,13813,1,,1.9963083,1.9963083
115,Suriname,101,Venezuela,1933,6253,1,,1.9963083,1.9963083
115,Suriname,20,Canada,1933,161290,1,,1.9963083,1.9963083
115,Suriname,554,Rhodesia,1933,0,1,,1.9963083,1.9963083
115,Suriname,235,Portugal,1933,737,1,,1.9963083,1.9963083
115,Suriname,155,Chile,1933,0,1,,1.9963083,1.9963083
115,Suriname,660,Lebanon,1933,0,1,,1.9963083,1.9963083
115,Suriname,780,Sri Lanka,1933,0,1,,1.9963083,1.9963083
115,Suriname,205,Ireland,1933,0,1,,1.9963083,1.9963083
115,Suriname,665,West Bank And Gaza,1933,0,1,,1.9963083,1.9963083
115,Suriname,51,Jamaica,1933,16,1,,1.9963083,1.9963083
115,Suriname,40,Cuba,1933,0,1,,1.9963083,1.9963083
115,Suriname,2,United States,1933,973764,1,,1.9963083,1.9963083
115,Suriname,800,Thailand,1933,253,1,,1.9963083,1.9963083
115,Suriname,65,Guadeloupe,1933,0,1,,1.9963083,1.9963083
115,Suriname,68,Netherlands Antilles,1933,0,1,,1.9963083,1.9963083
115,Suriname,160,Argentina,1933,64913,1,,1.9963083,1.9963083
115,Suriname,1066,Bonaire,1933,965,1,,1.9963083,1.9963083
115,Suriname,53,Barbados,1933,8484,1,,1.9963083,1.9963083
115,Suriname,740,Japan,1933,307702,1,,1.9963083,1.9963083
115,Suriname,230,Spain,1933,3454,1,,1.9963083,1.9963083
115,Suriname,58,Antigua And Barbuda,1933,0,1,,1.9963083,1.9963083
115,Suriname,630,Iran,1933,0,1,,1.9963083,1.9963083
115,Suriname,,,1933,4946210,1,,1.9963083,1.9963083
115,Suriname,827,Straits Settlement,1933,0,1,,1.9963083,1.9963083
115,Suriname,130,Ecuador,1933,0,1,,1.9963083,1.9963083
115,Suriname,231,Gibraltar,1933,0,1,,1.9963083,1.9963083
115,Suriname,367,Latvia,1933,4,1,,1.9963083,1.9963083
115,Suriname,290,Poland,1933,0,1,,1.9963083,1.9963083
115,Suriname,91,Honduras,1933,0,1,,1.9963083,1.9963083
115,Suriname,710,China,1933,55233,1,,1.9963083,1.9963083
115,Suriname,850,Indonesia,1933,0,1,,1.9963083,1.9963083
115,Suriname,511,Zanzibar,1933,0,1,,1.9963083,1.9963083
115,Suriname,1065,Curacao,1933,16448,1,,1.9963083,1.9963083
115,Suriname,110,Guyana,1933,27753,1,,1.9963083,1.9963083
115,Suriname,365,Russia,1933,0,1,,1.9963083,1.9963083
115,Suriname,3,Alaska,1933,0,1,,1.9963083,1.9963083
115,Suriname,390,Denmark,1933,1168,1,,1.9963083,1.9963083
115,Suriname,220,France,1933,78203,1,,1.9963083,1.9963083
115,Suriname,8501,Java,1933,0,1,,1.9963083,1.9963083
115,Suriname,52,Trinidad And Tobago,1933,133425,1,,1.9963083,1.9963083
115,Suriname,210,Netherlands,1933,1911311,1,,1.9963083,1.9963083
115,Suriname,54,Dominica,1933,0,1,,1.9963083,1.9963083
115,Suriname,366,Estonia,1933,0,1,,1.9963083,1.9963083
115,Suriname,41,Haiti,1933,0,1,,1.9963083,1.9963083
115,Suriname,42,Dominican Republic,1933,320,1,,1.9963083,1.9963083
115,Suriname,66,Martinique,1933,10,1,,1.9963083,1.9963083
115,Suriname,140,Brazil,1933,5,1,,1.9963083,1.9963083
115,Suriname,165,Uruguay,1933,0,1,,1.9963083,1.9963083
115,Suriname,96,Panama Canal Zone,1933,0,1,,1.9963083,1.9963083
115,Suriname,652,Syria,1933,0,1,,1.9963083,1.9963083
115,Suriname,70,Mexico,1933,0,1,,1.9963083,1.9963083
115,Suriname,212,Luxembourg,1933,3,1,,1.9963083,1.9963083
115,Suriname,640,Turkey,1933,0,1,,1.9963083,1.9963083
115,Suriname,900,Australia,1933,4014,1,,1.9963083,1.9963083
115,Suriname,255,Germany,1933,222010,1,,1.9963083,1.9963083
115,Suriname,56,St. Lucia,1933,0,1,,1.9963083,1.9963083
115,Suriname,225,Switzerland,1933,4904,1,,1.9963083,1.9963083
115,Suriname,750,India,1933,76580,1,,1.9963083,1.9963083
115,Suriname,770,Pakistan,1933,0,1,,1.9963083,1.9963083
115,Suriname,1062,Anguilla,1933,0,1,,1.9963083,1.9963083
115,Suriname,57,St. Vincent And The Grenadines,1933,191,1,,1.9963083,1.9963083
115,Suriname,120,French Guiana,1933,23868,1,,1.9963083,1.9963083
115,Suriname,135,Peru,1933,0,1,,1.9963083,1.9963083
115,Suriname,55,Grenada,1933,0,1,,1.9963083,1.9963083
115,Suriname,385,Norway,1933,292,1,,1.9963083,1.9963083
115,Suriname,90,Guatemala,1933,0,1,,1.9963083,1.9963083
115,Suriname,305,Austria,1933,95,1,,1.9963083,1.9963083
115,Suriname,1069,Aruba,1933,0,1,,1.9963083,1.9963083
115,Suriname,211,Belgium,1933,10862,1,,1.9963083,1.9963083
115,Suriname,830,Singapore,1933,1449,1,,1.9963083,1.9963083
115,Suriname,380,Sweden,1933,1485,1,,1.9963083,1.9963083
115,Suriname,325,Italy,1933,17545,1,,1.9963083,1.9963083
115,Suriname,100,Colombia,1933,36,1,,1.9963083,1.9963083
115,Suriname,920,New Zealand,1933,0,1,,1.9963083,1.9963083
115,Suriname,645,Iraq,1933,0,1,,1.9963083,1.9963083
115,Suriname,95,Panama,1933,0,1,,1.9963083,1.9963083
115,Suriname,6,Puerto Rico,1933,496,1,,1.9963083,1.9963083
115,Suriname,651,Egypt,1933,71,1,,1.9963083,1.9963083
115,Suriname,345,Yugoslavia,1933,0,1,,1.9963083,1.9963083
115,Suriname,200,United Kingdom,1933,701530,1,,1.9963083,1.9963083
115,Suriname,355,Bulgaria,1933,0,1,,1.9963083,1.9963083
115,Suriname,401,Madeira,1933,21054,1,,1.9963083,1.9963083
115,Suriname,310,Hungary,1933,153,1,,1.9963083,1.9963083
115,Suriname,96,Panama Canal Zone,1934,0,1,,1.4792583,1.4792583
115,Suriname,830,Singapore,1934,114,1,,1.4792583,1.4792583
115,Suriname,51,Jamaica,1934,121,1,,1.4792583,1.4792583
115,Suriname,55,Grenada,1934,0,1,,1.4792583,1.4792583
115,Suriname,920,New Zealand,1934,0,1,,1.4792583,1.4792583
115,Suriname,645,Iraq,1934,0,1,,1.4792583,1.4792583
115,Suriname,511,Zanzibar,1934,0,1,,1.4792583,1.4792583
115,Suriname,630,Iran,1934,56,1,,1.4792583,1.4792583
115,Suriname,66,Martinique,1934,0,1,,1.4792583,1.4792583
115,Suriname,210,Netherlands,1934,2359454,1,,1.4792583,1.4792583
115,Suriname,345,Yugoslavia,1934,0,1,,1.4792583,1.4792583
115,Suriname,20,Canada,1934,93240,1,,1.4792583,1.4792583
115,Suriname,42,Dominican Republic,1934,151,1,,1.4792583,1.4792583
115,Suriname,1066,Bonaire,1934,381,1,,1.4792583,1.4792583
115,Suriname,130,Ecuador,1934,0,1,,1.4792583,1.4792583
115,Suriname,325,Italy,1934,5817,1,,1.4792583,1.4792583
115,Suriname,305,Austria,1934,775,1,,1.4792583,1.4792583
115,Suriname,70,Mexico,1934,0,1,,1.4792583,1.4792583
115,Suriname,390,Denmark,1934,4566,1,,1.4792583,1.4792583
115,Suriname,740,Japan,1934,472986,1,,1.4792583,1.4792583
115,Suriname,56,St. Lucia,1934,0,1,,1.4792583,1.4792583
115,Suriname,255,Germany,1934,235224,1,,1.4792583,1.4792583
115,Suriname,68,Netherlands Antilles,1934,0,1,,1.4792583,1.4792583
115,Suriname,554,Rhodesia,1934,0,1,,1.4792583,1.4792583
115,Suriname,310,Hungary,1934,220,1,,1.4792583,1.4792583
115,Suriname,800,Thailand,1934,2,1,,1.4792583,1.4792583
115,Suriname,3,Alaska,1934,0,1,,1.4792583,1.4792583
115,Suriname,101,Venezuela,1934,2379,1,,1.4792583,1.4792583
115,Suriname,212,Luxembourg,1934,0,1,,1.4792583,1.4792583
115,Suriname,355,Bulgaria,1934,0,1,,1.4792583,1.4792583
115,Suriname,110,Guyana,1934,43999,1,,1.4792583,1.4792583
115,Suriname,58,Antigua And Barbuda,1934,0,1,,1.4792583,1.4792583
115,Suriname,380,Sweden,1934,2077,1,,1.4792583,1.4792583
115,Suriname,231,Gibraltar,1934,0,1,,1.4792583,1.4792583
115,Suriname,366,Estonia,1934,0,1,,1.4792583,1.4792583
115,Suriname,6,Puerto Rico,1934,1722,1,,1.4792583,1.4792583
115,Suriname,780,Sri Lanka,1934,0,1,,1.4792583,1.4792583
115,Suriname,827,Straits Settlement,1934,0,1,,1.4792583,1.4792583
115,Suriname,290,Poland,1934,0,1,,1.4792583,1.4792583
115,Suriname,211,Belgium,1934,8107,1,,1.4792583,1.4792583
115,Suriname,230,Spain,1934,3551,1,,1.4792583,1.4792583
115,Suriname,91,Honduras,1934,0,1,,1.4792583,1.4792583
115,Suriname,665,West Bank And Gaza,1934,397,1,,1.4792583,1.4792583
115,Suriname,1062,Anguilla,1934,0,1,,1.4792583,1.4792583
115,Suriname,385,Norway,1934,546,1,,1.4792583,1.4792583
115,Suriname,401,Madeira,1934,15166,1,,1.4792583,1.4792583
115,Suriname,220,France,1934,212690,1,,1.4792583,1.4792583
115,Suriname,205,Ireland,1934,72,1,,1.4792583,1.4792583
115,Suriname,155,Chile,1934,50,1,,1.4792583,1.4792583
115,Suriname,710,China,1934,54758,1,,1.4792583,1.4792583
115,Suriname,8501,Java,1934,0,1,,1.4792583,1.4792583
115,Suriname,200,United Kingdom,1934,503712,1,,1.4792583,1.4792583
115,Suriname,850,Indonesia,1934,0,1,,1.4792583,1.4792583
115,Suriname,100,Colombia,1934,30,1,,1.4792583,1.4792583
115,Suriname,135,Peru,1934,0,1,,1.4792583,1.4792583
115,Suriname,1065,Curacao,1934,15081,1,,1.4792583,1.4792583
115,Suriname,900,Australia,1934,609,1,,1.4792583,1.4792583
115,Suriname,140,Brazil,1934,0,1,,1.4792583,1.4792583
115,Suriname,90,Guatemala,1934,0,1,,1.4792583,1.4792583
115,Suriname,40,Cuba,1934,0,1,,1.4792583,1.4792583
115,Suriname,,,1934,5403421,1,,1.4792583,1.4792583
115,Suriname,770,Pakistan,1934,0,1,,1.4792583,1.4792583
115,Suriname,652,Syria,1934,0,1,,1.4792583,1.4792583
115,Suriname,651,Egypt,1934,15,1,,1.4792583,1.4792583
115,Suriname,54,Dominica,1934,890,1,,1.4792583,1.4792583
115,Suriname,750,India,1934,45754,1,,1.4792583,1.4792583
115,Suriname,95,Panama,1934,0,1,,1.4792583,1.4792583
115,Suriname,365,Russia,1934,0,1,,1.4792583,1.4792583
115,Suriname,53,Barbados,1934,21760,1,,1.4792583,1.4792583
115,Suriname,2,United States,1934,878063,1,,1.4792583,1.4792583
115,Suriname,315,Czechoslovakia,1934,23609,1,,1.4792583,1.4792583
115,Suriname,57,St. Vincent And The Grenadines,1934,405,1,,1.4792583,1.4792583
115,Suriname,367,Latvia,1934,0,1,,1.4792583,1.4792583
115,Suriname,120,French Guiana,1934,42837,1,,1.4792583,1.4792583
115,Suriname,165,Uruguay,1934,0,1,,1.4792583,1.4792583
115,Suriname,160,Argentina,1934,102810,1,,1.4792583,1.4792583
115,Suriname,640,Turkey,1934,0,1,,1.4792583,1.4792583
115,Suriname,52,Trinidad And Tobago,1934,155008,1,,1.4792583,1.4792583
115,Suriname,225,Switzerland,1934,2805,1,,1.4792583,1.4792583
115,Suriname,660,Lebanon,1934,0,1,,1.4792583,1.4792583
115,Suriname,235,Portugal,1934,1235,1,,1.4792583,1.4792583
115,Suriname,1069,Aruba,1934,0,1,,1.4792583,1.4792583
115,Suriname,41,Haiti,1934,435,1,,1.4792583,1.4792583
115,Suriname,65,Guadeloupe,1934,0,1,,1.4792583,1.4792583
115,Suriname,800,Thailand,1935,45,1,,1.4691083,1.4691083
115,Suriname,366,Estonia,1935,87,1,,1.4691083,1.4691083
115,Suriname,255,Germany,1935,235623,1,,1.4691083,1.4691083
115,Suriname,380,Sweden,1935,1176,1,,1.4691083,1.4691083
115,Suriname,740,Japan,1935,432024,1,,1.4691083,1.4691083
115,Suriname,6,Puerto Rico,1935,4676,1,,1.4691083,1.4691083
115,Suriname,51,Jamaica,1935,0,1,,1.4691083,1.4691083
115,Suriname,130,Ecuador,1935,0,1,,1.4691083,1.4691083
115,Suriname,511,Zanzibar,1935,39,1,,1.4691083,1.4691083
115,Suriname,211,Belgium,1935,9324,1,,1.4691083,1.4691083
115,Suriname,55,Grenada,1935,0,1,,1.4691083,1.4691083
115,Suriname,54,Dominica,1935,0,1,,1.4691083,1.4691083
115,Suriname,830,Singapore,1935,86,1,,1.4691083,1.4691083
115,Suriname,325,Italy,1935,3428,1,,1.4691083,1.4691083
115,Suriname,58,Antigua And Barbuda,1935,0,1,,1.4691083,1.4691083
115,Suriname,290,Poland,1935,0,1,,1.4691083,1.4691083
115,Suriname,135,Peru,1935,0,1,,1.4691083,1.4691083
115,Suriname,365,Russia,1935,0,1,,1.4691083,1.4691083
115,Suriname,8501,Java,1935,0,1,,1.4691083,1.4691083
115,Suriname,225,Switzerland,1935,2222,1,,1.4691083,1.4691083
115,Suriname,40,Cuba,1935,125,1,,1.4691083,1.4691083
115,Suriname,212,Luxembourg,1935,8,1,,1.4691083,1.4691083
115,Suriname,900,Australia,1935,1498,1,,1.4691083,1.4691083
115,Suriname,1062,Anguilla,1935,1559,1,,1.4691083,1.4691083
115,Suriname,66,Martinique,1935,39,1,,1.4691083,1.4691083
115,Suriname,1066,Bonaire,1935,714,1,,1.4691083,1.4691083
115,Suriname,110,Guyana,1935,81399,1,,1.4691083,1.4691083
115,Suriname,305,Austria,1935,3568,1,,1.4691083,1.4691083
115,Suriname,140,Brazil,1935,68,1,,1.4691083,1.4691083
115,Suriname,645,Iraq,1935,12,1,,1.4691083,1.4691083
115,Suriname,660,Lebanon,1935,0,1,,1.4691083,1.4691083
115,Suriname,750,India,1935,67197,1,,1.4691083,1.4691083
115,Suriname,401,Madeira,1935,23375,1,,1.4691083,1.4691083
115,Suriname,827,Straits Settlement,1935,64,1,,1.4691083,1.4691083
115,Suriname,70,Mexico,1935,15,1,,1.4691083,1.4691083
115,Suriname,20,Canada,1935,101058,1,,1.4691083,1.4691083
115,Suriname,920,New Zealand,1935,0,1,,1.4691083,1.4691083
115,Suriname,1065,Curacao,1935,21076,1,,1.4691083,1.4691083
115,Suriname,42,Dominican Republic,1935,0,1,,1.4691083,1.4691083
115,Suriname,120,French Guiana,1935,39026,1,,1.4691083,1.4691083
115,Suriname,65,Guadeloupe,1935,0,1,,1.4691083,1.4691083
115,Suriname,315,Czechoslovakia,1935,29296,1,,1.4691083,1.4691083
115,Suriname,310,Hungary,1935,179,1,,1.4691083,1.4691083
115,Suriname,205,Ireland,1935,0,1,,1.4691083,1.4691083
115,Suriname,780,Sri Lanka,1935,0,1,,1.4691083,1.4691083
115,Suriname,160,Argentina,1935,90810,1,,1.4691083,1.4691083
115,Suriname,,,1935,5464692,1,,1.4691083,1.4691083
115,Suriname,230,Spain,1935,172,1,,1.4691083,1.4691083
115,Suriname,90,Guatemala,1935,0,1,,1.4691083,1.4691083
115,Suriname,101,Venezuela,1935,4558,1,,1.4691083,1.4691083
115,Suriname,200,United Kingdom,1935,634069,1,,1.4691083,1.4691083
115,Suriname,95,Panama,1935,0,1,,1.4691083,1.4691083
115,Suriname,770,Pakistan,1935,0,1,,1.4691083,1.4691083
115,Suriname,3,Alaska,1935,0,1,,1.4691083,1.4691083
115,Suriname,390,Denmark,1935,6316,1,,1.4691083,1.4691083
115,Suriname,155,Chile,1935,0,1,,1.4691083,1.4691083
115,Suriname,91,Honduras,1935,0,1,,1.4691083,1.4691083
115,Suriname,355,Bulgaria,1935,0,1,,1.4691083,1.4691083
115,Suriname,41,Haiti,1935,22,1,,1.4691083,1.4691083
115,Suriname,640,Turkey,1935,0,1,,1.4691083,1.4691083
115,Suriname,2,United States,1935,970307,1,,1.4691083,1.4691083
115,Suriname,710,China,1935,51092,1,,1.4691083,1.4691083
115,Suriname,850,Indonesia,1935,0,1,,1.4691083,1.4691083
115,Suriname,231,Gibraltar,1935,0,1,,1.4691083,1.4691083
115,Suriname,385,Norway,1935,4641,1,,1.4691083,1.4691083
115,Suriname,56,St. Lucia,1935,0,1,,1.4691083,1.4691083
115,Suriname,210,Netherlands,1935,2291039,1,,1.4691083,1.4691083
115,Suriname,220,France,1935,46578,1,,1.4691083,1.4691083
115,Suriname,52,Trinidad And Tobago,1935,195774,1,,1.4691083,1.4691083
115,Suriname,100,Colombia,1935,0,1,,1.4691083,1.4691083
115,Suriname,235,Portugal,1935,960,1,,1.4691083,1.4691083
115,Suriname,665,West Bank And Gaza,1935,258,1,,1.4691083,1.4691083
115,Suriname,96,Panama Canal Zone,1935,0,1,,1.4691083,1.4691083
115,Suriname,367,Latvia,1935,0,1,,1.4691083,1.4691083
115,Suriname,651,Egypt,1935,91,1,,1.4691083,1.4691083
115,Suriname,630,Iran,1935,0,1,,1.4691083,1.4691083
115,Suriname,57,St. Vincent And The Grenadines,1935,0,1,,1.4691083,1.4691083
115,Suriname,1069,Aruba,1935,618,1,,1.4691083,1.4691083
115,Suriname,53,Barbados,1935,15769,1,,1.4691083,1.4691083
115,Suriname,652,Syria,1935,0,1,,1.4691083,1.4691083
115,Suriname,345,Yugoslavia,1935,0,1,,1.4691083,1.4691083
115,Suriname,68,Netherlands Antilles,1935,0,1,,1.4691083,1.4691083
115,Suriname,165,Uruguay,1935,0,1,,1.4691083,1.4691083
115,Suriname,554,Rhodesia,1935,0,1,,1.4691083,1.4691083
115,Suriname,305,Austria,1936,2549,1,,1.558025,1.558025
115,Suriname,210,Netherlands,1936,2217708,1,,1.558025,1.558025
115,Suriname,630,Iran,1936,0,1,,1.558025,1.558025
115,Suriname,850,Indonesia,1936,0,1,,1.558025,1.558025
115,Suriname,710,China,1936,81931,1,,1.558025,1.558025
115,Suriname,367,Latvia,1936,0,1,,1.558025,1.558025
115,Suriname,53,Barbados,1936,20022,1,,1.558025,1.558025
115,Suriname,740,Japan,1936,691148,1,,1.558025,1.558025
115,Suriname,211,Belgium,1936,29027,1,,1.558025,1.558025
115,Suriname,40,Cuba,1936,0,1,,1.558025,1.558025
115,Suriname,225,Switzerland,1936,2663,1,,1.558025,1.558025
115,Suriname,385,Norway,1936,4379,1,,1.558025,1.558025
115,Suriname,1069,Aruba,1936,1532,1,,1.558025,1.558025
115,Suriname,96,Panama Canal Zone,1936,0,1,,1.558025,1.558025
115,Suriname,,,1936,5780956,1,,1.558025,1.558025
115,Suriname,770,Pakistan,1936,0,1,,1.558025,1.558025
115,Suriname,1066,Bonaire,1936,0,1,,1.558025,1.558025
115,Suriname,54,Dominica,1936,0,1,,1.558025,1.558025
115,Suriname,315,Czechoslovakia,1936,54389,1,,1.558025,1.558025
115,Suriname,900,Australia,1936,1339,1,,1.558025,1.558025
115,Suriname,230,Spain,1936,831,1,,1.558025,1.558025
115,Suriname,366,Estonia,1936,0,1,,1.558025,1.558025
115,Suriname,160,Argentina,1936,120125,1,,1.558025,1.558025
115,Suriname,325,Italy,1936,1039,1,,1.558025,1.558025
115,Suriname,255,Germany,1936,215744,1,,1.558025,1.558025
115,Suriname,42,Dominican Republic,1936,0,1,,1.558025,1.558025
115,Suriname,1062,Anguilla,1936,0,1,,1.558025,1.558025
115,Suriname,41,Haiti,1936,0,1,,1.558025,1.558025
115,Suriname,200,United Kingdom,1936,628481,1,,1.558025,1.558025
115,Suriname,6,Puerto Rico,1936,12839,1,,1.558025,1.558025
115,Suriname,58,Antigua And Barbuda,1936,0,1,,1.558025,1.558025
115,Suriname,212,Luxembourg,1936,0,1,,1.558025,1.558025
115,Suriname,110,Guyana,1936,13376,1,,1.558025,1.558025
115,Suriname,365,Russia,1936,2,1,,1.558025,1.558025
115,Suriname,380,Sweden,1936,1635,1,,1.558025,1.558025
115,Suriname,665,West Bank And Gaza,1936,4,1,,1.558025,1.558025
115,Suriname,91,Honduras,1936,0,1,,1.558025,1.558025
115,Suriname,205,Ireland,1936,0,1,,1.558025,1.558025
115,Suriname,100,Colombia,1936,0,1,,1.558025,1.558025
115,Suriname,827,Straits Settlement,1936,0,1,,1.558025,1.558025
115,Suriname,660,Lebanon,1936,0,1,,1.558025,1.558025
115,Suriname,355,Bulgaria,1936,0,1,,1.558025,1.558025
115,Suriname,2,United States,1936,1172547,1,,1.558025,1.558025
115,Suriname,135,Peru,1936,0,1,,1.558025,1.558025
115,Suriname,652,Syria,1936,0,1,,1.558025,1.558025
115,Suriname,66,Martinique,1936,43,1,,1.558025,1.558025
115,Suriname,800,Thailand,1936,20,1,,1.558025,1.558025
115,Suriname,3,Alaska,1936,0,1,,1.558025,1.558025
115,Suriname,57,St. Vincent And The Grenadines,1936,0,1,,1.558025,1.558025
115,Suriname,140,Brazil,1936,5929,1,,1.558025,1.558025
115,Suriname,231,Gibraltar,1936,0,1,,1.558025,1.558025
115,Suriname,345,Yugoslavia,1936,58,1,,1.558025,1.558025
115,Suriname,20,Canada,1936,76928,1,,1.558025,1.558025
115,Suriname,101,Venezuela,1936,1878,1,,1.558025,1.558025
115,Suriname,554,Rhodesia,1936,0,1,,1.558025,1.558025
115,Suriname,290,Poland,1936,0,1,,1.558025,1.558025
115,Suriname,750,India,1936,49766,1,,1.558025,1.558025
115,Suriname,65,Guadeloupe,1936,0,1,,1.558025,1.558025
115,Suriname,165,Uruguay,1936,276,1,,1.558025,1.558025
115,Suriname,68,Netherlands Antilles,1936,0,1,,1.558025,1.558025
115,Suriname,70,Mexico,1936,4,1,,1.558025,1.558025
115,Suriname,310,Hungary,1936,232,1,,1.558025,1.558025
115,Suriname,52,Trinidad And Tobago,1936,161597,1,,1.558025,1.558025
115,Suriname,511,Zanzibar,1936,0,1,,1.558025,1.558025
115,Suriname,55,Grenada,1936,0,1,,1.558025,1.558025
115,Suriname,155,Chile,1936,0,1,,1.558025,1.558025
115,Suriname,235,Portugal,1936,187,1,,1.558025,1.558025
115,Suriname,8501,Java,1936,0,1,,1.558025,1.558025
115,Suriname,56,St. Lucia,1936,0,1,,1.558025,1.558025
115,Suriname,390,Denmark,1936,4408,1,,1.558025,1.558025
115,Suriname,95,Panama,1936,0,1,,1.558025,1.558025
115,Suriname,90,Guatemala,1936,0,1,,1.558025,1.558025
115,Suriname,780,Sri Lanka,1936,0,1,,1.558025,1.558025
115,Suriname,51,Jamaica,1936,153,1,,1.558025,1.558025
115,Suriname,120,French Guiana,1936,53890,1,,1.558025,1.558025
115,Suriname,651,Egypt,1936,8,1,,1.558025,1.558025
115,Suriname,920,New Zealand,1936,0,1,,1.558025,1.558025
115,Suriname,220,France,1936,41134,1,,1.558025,1.558025
115,Suriname,645,Iraq,1936,213,1,,1.558025,1.558025
115,Suriname,640,Turkey,1936,0,1,,1.558025,1.558025
115,Suriname,401,Madeira,1936,22103,1,,1.558025,1.558025
115,Suriname,830,Singapore,1936,171,1,,1.558025,1.558025
115,Suriname,130,Ecuador,1936,1207,1,,1.558025,1.558025
115,Suriname,1065,Curacao,1936,29687,1,,1.558025,1.558025
115,Suriname,380,Sweden,1937,2424,1,,1.8101833,1.8101833
115,Suriname,401,Madeira,1937,22247,1,,1.8101833,1.8101833
115,Suriname,212,Luxembourg,1937,0,1,,1.8101833,1.8101833
115,Suriname,58,Antigua And Barbuda,1937,0,1,,1.8101833,1.8101833
115,Suriname,165,Uruguay,1937,0,1,,1.8101833,1.8101833
115,Suriname,211,Belgium,1937,31400,1,,1.8101833,1.8101833
115,Suriname,1062,Anguilla,1937,0,1,,1.8101833,1.8101833
115,Suriname,130,Ecuador,1937,1833,1,,1.8101833,1.8101833
115,Suriname,101,Venezuela,1937,13035,1,,1.8101833,1.8101833
115,Suriname,385,Norway,1937,3446,1,,1.8101833,1.8101833
115,Suriname,225,Switzerland,1937,3093,1,,1.8101833,1.8101833
115,Suriname,780,Sri Lanka,1937,0,1,,1.8101833,1.8101833
115,Suriname,230,Spain,1937,222,1,,1.8101833,1.8101833
115,Suriname,20,Canada,1937,95468,1,,1.8101833,1.8101833
115,Suriname,315,Czechoslovakia,1937,60644,1,,1.8101833,1.8101833
115,Suriname,390,Denmark,1937,7795,1,,1.8101833,1.8101833
115,Suriname,850,Indonesia,1937,0,1,,1.8101833,1.8101833
115,Suriname,90,Guatemala,1937,0,1,,1.8101833,1.8101833
115,Suriname,652,Syria,1937,0,1,,1.8101833,1.8101833
115,Suriname,95,Panama,1937,0,1,,1.8101833,1.8101833
115,Suriname,660,Lebanon,1937,0,1,,1.8101833,1.8101833
115,Suriname,255,Germany,1937,261670,1,,1.8101833,1.8101833
115,Suriname,640,Turkey,1937,0,1,,1.8101833,1.8101833
115,Suriname,651,Egypt,1937,0,1,,1.8101833,1.8101833
115,Suriname,365,Russia,1937,0,1,,1.8101833,1.8101833
115,Suriname,68,Netherlands Antilles,1937,0,1,,1.8101833,1.8101833
115,Suriname,325,Italy,1937,4156,1,,1.8101833,1.8101833
115,Suriname,55,Grenada,1937,0,1,,1.8101833,1.8101833
115,Suriname,42,Dominican Republic,1937,0,1,,1.8101833,1.8101833
115,Suriname,96,Panama Canal Zone,1937,0,1,,1.8101833,1.8101833
115,Suriname,205,Ireland,1937,0,1,,1.8101833,1.8101833
115,Suriname,367,Latvia,1937,0,1,,1.8101833,1.8101833
115,Suriname,51,Jamaica,1937,0,1,,1.8101833,1.8101833
115,Suriname,40,Cuba,1937,0,1,,1.8101833,1.8101833
115,Suriname,305,Austria,1937,5233,1,,1.8101833,1.8101833
115,Suriname,220,France,1937,45049,1,,1.8101833,1.8101833
115,Suriname,56,St. Lucia,1937,0,1,,1.8101833,1.8101833
115,Suriname,6,Puerto Rico,1937,14862,1,,1.8101833,1.8101833
115,Suriname,511,Zanzibar,1937,0,1,,1.8101833,1.8101833
115,Suriname,1069,Aruba,1937,406,1,,1.8101833,1.8101833
115,Suriname,2,United States,1937,1541798,1,,1.8101833,1.8101833
115,Suriname,231,Gibraltar,1937,0,1,,1.8101833,1.8101833
115,Suriname,1066,Bonaire,1937,0,1,,1.8101833,1.8101833
115,Suriname,70,Mexico,1937,0,1,,1.8101833,1.8101833
115,Suriname,645,Iraq,1937,151,1,,1.8101833,1.8101833
115,Suriname,235,Portugal,1937,1606,1,,1.8101833,1.8101833
115,Suriname,710,China,1937,72590,1,,1.8101833,1.8101833
115,Suriname,52,Trinidad And Tobago,1937,271282,1,,1.8101833,1.8101833
115,Suriname,160,Argentina,1937,149297,1,,1.8101833,1.8101833
115,Suriname,740,Japan,1937,608091,1,,1.8101833,1.8101833
115,Suriname,57,St. Vincent And The Grenadines,1937,0,1,,1.8101833,1.8101833
115,Suriname,630,Iran,1937,0,1,,1.8101833,1.8101833
115,Suriname,110,Guyana,1937,58822,1,,1.8101833,1.8101833
115,Suriname,91,Honduras,1937,0,1,,1.8101833,1.8101833
115,Suriname,665,West Bank And Gaza,1937,0,1,,1.8101833,1.8101833
115,Suriname,100,Colombia,1937,0,1,,1.8101833,1.8101833
115,Suriname,355,Bulgaria,1937,0,1,,1.8101833,1.8101833
115,Suriname,900,Australia,1937,48,1,,1.8101833,1.8101833
115,Suriname,,,1937,6899945,1,,1.8101833,1.8101833
115,Suriname,770,Pakistan,1937,0,1,,1.8101833,1.8101833
115,Suriname,800,Thailand,1937,0,1,,1.8101833,1.8101833
115,Suriname,66,Martinique,1937,100,1,,1.8101833,1.8101833
115,Suriname,290,Poland,1937,713,1,,1.8101833,1.8101833
115,Suriname,345,Yugoslavia,1937,0,1,,1.8101833,1.8101833
115,Suriname,366,Estonia,1937,1157,1,,1.8101833,1.8101833
115,Suriname,140,Brazil,1937,844,1,,1.8101833,1.8101833
115,Suriname,310,Hungary,1937,1324,1,,1.8101833,1.8101833
115,Suriname,830,Singapore,1937,0,1,,1.8101833,1.8101833
115,Suriname,155,Chile,1937,0,1,,1.8101833,1.8101833
115,Suriname,3,Alaska,1937,0,1,,1.8101833,1.8101833
115,Suriname,54,Dominica,1937,0,1,,1.8101833,1.8101833
115,Suriname,8501,Java,1937,0,1,,1.8101833,1.8101833
115,Suriname,920,New Zealand,1937,0,1,,1.8101833,1.8101833
115,Suriname,750,India,1937,79450,1,,1.8101833,1.8101833
115,Suriname,135,Peru,1937,0,1,,1.8101833,1.8101833
115,Suriname,210,Netherlands,1937,2683671,1,,1.8101833,1.8101833
115,Suriname,41,Haiti,1937,0,1,,1.8101833,1.8101833
115,Suriname,200,United Kingdom,1937,622418,1,,1.8101833,1.8101833
115,Suriname,120,French Guiana,1937,73396,1,,1.8101833,1.8101833
115,Suriname,53,Barbados,1937,28519,1,,1.8101833,1.8101833
115,Suriname,1065,Curacao,1937,64579,1,,1.8101833,1.8101833
115,Suriname,65,Guadeloupe,1937,300,1,,1.8101833,1.8101833
115,Suriname,827,Straits Settlement,1937,0,1,,1.8101833,1.8101833
115,Suriname,554,Rhodesia,1937,0,1,,1.8101833,1.8101833
115,Suriname,110,Guyana,1938,46146,1,,1.8146833,1.8146833
115,Suriname,1065,Curacao,1938,43384,1,,1.8146833,1.8146833
115,Suriname,1062,Anguilla,1938,0,1,,1.8146833,1.8146833
115,Suriname,355,Bulgaria,1938,0,1,,1.8146833,1.8146833
115,Suriname,8501,Java,1938,0,1,,1.8146833,1.8146833
115,Suriname,140,Brazil,1938,20574,1,,1.8146833,1.8146833
115,Suriname,255,Germany,1938,294222,1,,1.8146833,1.8146833
115,Suriname,205,Ireland,1938,0,1,,1.8146833,1.8146833
115,Suriname,6,Puerto Rico,1938,26941,1,,1.8146833,1.8146833
115,Suriname,385,Norway,1938,1566,1,,1.8146833,1.8146833
115,Suriname,780,Sri Lanka,1938,0,1,,1.8146833,1.8146833
115,Suriname,230,Spain,1938,99,1,,1.8146833,1.8146833
115,Suriname,827,Straits Settlement,1938,0,1,,1.8146833,1.8146833
115,Suriname,225,Switzerland,1938,4840,1,,1.8146833,1.8146833
115,Suriname,770,Pakistan,1938,0,1,,1.8146833,1.8146833
115,Suriname,740,Japan,1938,590921,1,,1.8146833,1.8146833
115,Suriname,41,Haiti,1938,0,1,,1.8146833,1.8146833
115,Suriname,325,Italy,1938,8197,1,,1.8146833,1.8146833
115,Suriname,52,Trinidad And Tobago,1938,239792,1,,1.8146833,1.8146833
115,Suriname,710,China,1938,104629,1,,1.8146833,1.8146833
115,Suriname,70,Mexico,1938,0,1,,1.8146833,1.8146833
115,Suriname,210,Netherlands,1938,2573459,1,,1.8146833,1.8146833
115,Suriname,68,Netherlands Antilles,1938,0,1,,1.8146833,1.8146833
115,Suriname,231,Gibraltar,1938,0,1,,1.8146833,1.8146833
115,Suriname,95,Panama,1938,0,1,,1.8146833,1.8146833
115,Suriname,900,Australia,1938,1275,1,,1.8146833,1.8146833
115,Suriname,55,Grenada,1938,0,1,,1.8146833,1.8146833
115,Suriname,40,Cuba,1938,0,1,,1.8146833,1.8146833
115,Suriname,200,United Kingdom,1938,495098,1,,1.8146833,1.8146833
115,Suriname,750,India,1938,62752,1,,1.8146833,1.8146833
115,Suriname,401,Madeira,1938,24346,1,,1.8146833,1.8146833
115,Suriname,665,West Bank And Gaza,1938,0,1,,1.8146833,1.8146833
115,Suriname,290,Poland,1938,0,1,,1.8146833,1.8146833
115,Suriname,630,Iran,1938,0,1,,1.8146833,1.8146833
115,Suriname,130,Ecuador,1938,1940,1,,1.8146833,1.8146833
115,Suriname,380,Sweden,1938,2126,1,,1.8146833,1.8146833
115,Suriname,54,Dominica,1938,0,1,,1.8146833,1.8146833
115,Suriname,305,Austria,1938,0,1,,1.8146833,1.8146833
115,Suriname,1066,Bonaire,1938,0,1,,1.8146833,1.8146833
115,Suriname,90,Guatemala,1938,0,1,,1.8146833,1.8146833
115,Suriname,120,French Guiana,1938,81509,1,,1.8146833,1.8146833
115,Suriname,652,Syria,1938,26,1,,1.8146833,1.8146833
115,Suriname,315,Czechoslovakia,1938,102508,1,,1.8146833,1.8146833
115,Suriname,56,St. Lucia,1938,3,1,,1.8146833,1.8146833
115,Suriname,511,Zanzibar,1938,0,1,,1.8146833,1.8146833
115,Suriname,390,Denmark,1938,9559,1,,1.8146833,1.8146833
115,Suriname,367,Latvia,1938,0,1,,1.8146833,1.8146833
115,Suriname,57,St. Vincent And The Grenadines,1938,0,1,,1.8146833,1.8146833
115,Suriname,42,Dominican Republic,1938,0,1,,1.8146833,1.8146833
115,Suriname,65,Guadeloupe,1938,2,1,,1.8146833,1.8146833
115,Suriname,365,Russia,1938,0,1,,1.8146833,1.8146833
115,Suriname,830,Singapore,1938,0,1,,1.8146833,1.8146833
115,Suriname,96,Panama Canal Zone,1938,0,1,,1.8146833,1.8146833
115,Suriname,800,Thailand,1938,0,1,,1.8146833,1.8146833
115,Suriname,310,Hungary,1938,216,1,,1.8146833,1.8146833
115,Suriname,220,France,1938,45517,1,,1.8146833,1.8146833
115,Suriname,2,United States,1938,1756468,1,,1.8146833,1.8146833
115,Suriname,165,Uruguay,1938,0,1,,1.8146833,1.8146833
115,Suriname,366,Estonia,1938,0,1,,1.8146833,1.8146833
115,Suriname,554,Rhodesia,1938,0,1,,1.8146833,1.8146833
115,Suriname,651,Egypt,1938,0,1,,1.8146833,1.8146833
115,Suriname,135,Peru,1938,0,1,,1.8146833,1.8146833
115,Suriname,66,Martinique,1938,2284,1,,1.8146833,1.8146833
115,Suriname,91,Honduras,1938,58,1,,1.8146833,1.8146833
115,Suriname,212,Luxembourg,1938,0,1,,1.8146833,1.8146833
115,Suriname,,,1938,6914644,1,,1.8146833,1.8146833
115,Suriname,345,Yugoslavia,1938,0,1,,1.8146833,1.8146833
115,Suriname,20,Canada,1938,72016,1,,1.8146833,1.8146833
115,Suriname,850,Indonesia,1938,0,1,,1.8146833,1.8146833
115,Suriname,155,Chile,1938,0,1,,1.8146833,1.8146833
115,Suriname,51,Jamaica,1938,927,1,,1.8146833,1.8146833
115,Suriname,920,New Zealand,1938,0,1,,1.8146833,1.8146833
115,Suriname,640,Turkey,1938,107,1,,1.8146833,1.8146833
115,Suriname,100,Colombia,1938,0,1,,1.8146833,1.8146833
115,Suriname,660,Lebanon,1938,0,1,,1.8146833,1.8146833
115,Suriname,58,Antigua And Barbuda,1938,0,1,,1.8146833,1.8146833
115,Suriname,235,Portugal,1938,1162,1,,1.8146833,1.8146833
115,Suriname,160,Argentina,1938,150132,1,,1.8146833,1.8146833
115,Suriname,211,Belgium,1938,19316,1,,1.8146833,1.8146833
115,Suriname,645,Iraq,1938,0,1,,1.8146833,1.8146833
115,Suriname,101,Venezuela,1938,1566,1,,1.8146833,1.8146833
115,Suriname,1069,Aruba,1938,40,1,,1.8146833,1.8146833
115,Suriname,3,Alaska,1938,0,1,,1.8146833,1.8146833
115,Suriname,53,Barbados,1938,23145,1,,1.8146833,1.8146833
115,Suriname,750,India,1939,121693,1,,1.8649417,1.8649417
115,Suriname,660,Lebanon,1939,0,1,,1.8649417,1.8649417
115,Suriname,630,Iran,1939,98,1,,1.8649417,1.8649417
115,Suriname,380,Sweden,1939,5119,1,,1.8649417,1.8649417
115,Suriname,1069,Aruba,1939,109,1,,1.8649417,1.8649417
115,Suriname,225,Switzerland,1939,6451,1,,1.8649417,1.8649417
115,Suriname,91,Honduras,1939,0,1,,1.8649417,1.8649417
115,Suriname,920,New Zealand,1939,32,1,,1.8649417,1.8649417
115,Suriname,290,Poland,1939,0,1,,1.8649417,1.8649417
115,Suriname,305,Austria,1939,0,1,,1.8649417,1.8649417
115,Suriname,155,Chile,1939,0,1,,1.8649417,1.8649417
115,Suriname,53,Barbados,1939,18833,1,,1.8649417,1.8649417
115,Suriname,55,Grenada,1939,531,1,,1.8649417,1.8649417
115,Suriname,54,Dominica,1939,0,1,,1.8649417,1.8649417
115,Suriname,57,St. Vincent And The Grenadines,1939,0,1,,1.8649417,1.8649417
115,Suriname,315,Czechoslovakia,1939,0,1,,1.8649417,1.8649417
115,Suriname,385,Norway,1939,10359,1,,1.8649417,1.8649417
115,Suriname,554,Rhodesia,1939,119,1,,1.8649417,1.8649417
115,Suriname,120,French Guiana,1939,70135,1,,1.8649417,1.8649417
115,Suriname,1062,Anguilla,1939,0,1,,1.8649417,1.8649417
115,Suriname,140,Brazil,1939,15347,1,,1.8649417,1.8649417
115,Suriname,40,Cuba,1939,4653,1,,1.8649417,1.8649417
115,Suriname,1066,Bonaire,1939,0,1,,1.8649417,1.8649417
115,Suriname,3,Alaska,1939,0,1,,1.8649417,1.8649417
115,Suriname,390,Denmark,1939,7334,1,,1.8649417,1.8649417
115,Suriname,65,Guadeloupe,1939,212,1,,1.8649417,1.8649417
115,Suriname,780,Sri Lanka,1939,577,1,,1.8649417,1.8649417
115,Suriname,90,Guatemala,1939,0,1,,1.8649417,1.8649417
115,Suriname,365,Russia,1939,0,1,,1.8649417,1.8649417
115,Suriname,56,St. Lucia,1939,0,1,,1.8649417,1.8649417
115,Suriname,900,Australia,1939,0,1,,1.8649417,1.8649417
115,Suriname,366,Estonia,1939,0,1,,1.8649417,1.8649417
115,Suriname,740,Japan,1939,742566,1,,1.8649417,1.8649417
115,Suriname,355,Bulgaria,1939,0,1,,1.8649417,1.8649417
115,Suriname,665,West Bank And Gaza,1939,14,1,,1.8649417,1.8649417
115,Suriname,310,Hungary,1939,703,1,,1.8649417,1.8649417
115,Suriname,235,Portugal,1939,702,1,,1.8649417,1.8649417
115,Suriname,68,Netherlands Antilles,1939,0,1,,1.8649417,1.8649417
115,Suriname,652,Syria,1939,0,1,,1.8649417,1.8649417
115,Suriname,66,Martinique,1939,2971,1,,1.8649417,1.8649417
115,Suriname,401,Madeira,1939,27603,1,,1.8649417,1.8649417
115,Suriname,770,Pakistan,1939,0,1,,1.8649417,1.8649417
115,Suriname,165,Uruguay,1939,1272,1,,1.8649417,1.8649417
115,Suriname,230,Spain,1939,188,1,,1.8649417,1.8649417
115,Suriname,830,Singapore,1939,0,1,,1.8649417,1.8649417
115,Suriname,101,Venezuela,1939,1062,1,,1.8649417,1.8649417
115,Suriname,651,Egypt,1939,355,1,,1.8649417,1.8649417
115,Suriname,212,Luxembourg,1939,80,1,,1.8649417,1.8649417
115,Suriname,70,Mexico,1939,2833,1,,1.8649417,1.8649417
115,Suriname,41,Haiti,1939,1,1,,1.8649417,1.8649417
115,Suriname,211,Belgium,1939,31746,1,,1.8649417,1.8649417
115,Suriname,231,Gibraltar,1939,0,1,,1.8649417,1.8649417
115,Suriname,,,1939,7921212,1,,1.8649417,1.8649417
115,Suriname,6,Puerto Rico,1939,30872,1,,1.8649417,1.8649417
115,Suriname,42,Dominican Republic,1939,0,1,,1.8649417,1.8649417
115,Suriname,160,Argentina,1939,194755,1,,1.8649417,1.8649417
115,Suriname,220,France,1939,54825,1,,1.8649417,1.8649417
115,Suriname,210,Netherlands,1939,2715020,1,,1.8649417,1.8649417
115,Suriname,96,Panama Canal Zone,1939,0,1,,1.8649417,1.8649417
115,Suriname,100,Colombia,1939,0,1,,1.8649417,1.8649417
115,Suriname,645,Iraq,1939,16,1,,1.8649417,1.8649417
115,Suriname,95,Panama,1939,0,1,,1.8649417,1.8649417
115,Suriname,200,United Kingdom,1939,415321,1,,1.8649417,1.8649417
115,Suriname,827,Straits Settlement,1939,0,1,,1.8649417,1.8649417
115,Suriname,205,Ireland,1939,0,1,,1.8649417,1.8649417
115,Suriname,20,Canada,1939,86376,1,,1.8649417,1.8649417
115,Suriname,325,Italy,1939,5954,1,,1.8649417,1.8649417
115,Suriname,52,Trinidad And Tobago,1939,381303,1,,1.8649417,1.8649417
115,Suriname,1065,Curacao,1939,37204,1,,1.8649417,1.8649417
115,Suriname,511,Zanzibar,1939,0,1,,1.8649417,1.8649417
115,Suriname,2,United States,1939,2363621,1,,1.8649417,1.8649417
115,Suriname,8501,Java,1939,45,1,,1.8649417,1.8649417
115,Suriname,640,Turkey,1939,804,1,,1.8649417,1.8649417
115,Suriname,255,Germany,1939,343424,1,,1.8649417,1.8649417
115,Suriname,850,Indonesia,1939,0,1,,1.8649417,1.8649417
115,Suriname,800,Thailand,1939,0,1,,1.8649417,1.8649417
115,Suriname,130,Ecuador,1939,2312,1,,1.8649417,1.8649417
115,Suriname,367,Latvia,1939,0,1,,1.8649417,1.8649417
115,Suriname,58,Antigua And Barbuda,1939,0,1,,1.8649417,1.8649417
115,Suriname,345,Yugoslavia,1939,0,1,,1.8649417,1.8649417
115,Suriname,135,Peru,1939,0,1,,1.8649417,1.8649417
115,Suriname,710,China,1939,123940,1,,1.8649417,1.8649417
115,Suriname,51,Jamaica,1939,18,1,,1.8649417,1.8649417
115,Suriname,110,Guyana,1939,13986,1,,1.8649417,1.8649417
115,Suriname,390,Denmark,1943,0,1,,1.8835,1.8835
115,Suriname,345,Yugoslavia,1943,0,1,,1.8835,1.8835
115,Suriname,55,Grenada,1943,2551,1,,1.8835,1.8835
115,Suriname,355,Bulgaria,1943,0,1,,1.8835,1.8835
115,Suriname,66,Martinique,1943,0,1,,1.8835,1.8835
115,Suriname,1065,Curacao,1943,546410,1,,1.8835,1.8835
115,Suriname,53,Barbados,1943,22320,1,,1.8835,1.8835
115,Suriname,54,Dominica,1943,0,1,,1.8835,1.8835
115,Suriname,850,Indonesia,1943,0,1,,1.8835,1.8835
115,Suriname,770,Pakistan,1943,0,1,,1.8835,1.8835
115,Suriname,58,Antigua And Barbuda,1943,0,1,,1.8835,1.8835
115,Suriname,1062,Anguilla,1943,0,1,,1.8835,1.8835
115,Suriname,40,Cuba,1943,77,1,,1.8835,1.8835
115,Suriname,830,Singapore,1943,0,1,,1.8835,1.8835
115,Suriname,366,Estonia,1943,0,1,,1.8835,1.8835
115,Suriname,665,West Bank And Gaza,1943,0,1,,1.8835,1.8835
115,Suriname,235,Portugal,1943,100,1,,1.8835,1.8835
115,Suriname,210,Netherlands,1943,150,1,,1.8835,1.8835
115,Suriname,225,Switzerland,1943,9320,1,,1.8835,1.8835
115,Suriname,220,France,1943,0,1,,1.8835,1.8835
115,Suriname,230,Spain,1943,0,1,,1.8835,1.8835
115,Suriname,65,Guadeloupe,1943,0,1,,1.8835,1.8835
115,Suriname,305,Austria,1943,0,1,,1.8835,1.8835
115,Suriname,630,Iran,1943,8536,1,,1.8835,1.8835
115,Suriname,95,Panama,1943,0,1,,1.8835,1.8835
115,Suriname,,,1943,22456719,1,,1.8835,1.8835
115,Suriname,800,Thailand,1943,0,1,,1.8835,1.8835
115,Suriname,750,India,1943,39262,1,,1.8835,1.8835
115,Suriname,920,New Zealand,1943,0,1,,1.8835,1.8835
115,Suriname,645,Iraq,1943,0,1,,1.8835,1.8835
115,Suriname,365,Russia,1943,0,1,,1.8835,1.8835
115,Suriname,200,United Kingdom,1943,408333,1,,1.8835,1.8835
115,Suriname,651,Egypt,1943,0,1,,1.8835,1.8835
115,Suriname,3,Alaska,1943,0,1,,1.8835,1.8835
115,Suriname,1066,Bonaire,1943,30509,1,,1.8835,1.8835
115,Suriname,160,Argentina,1943,4312313,1,,1.8835,1.8835
115,Suriname,100,Colombia,1943,0,1,,1.8835,1.8835
115,Suriname,255,Germany,1943,0,1,,1.8835,1.8835
115,Suriname,42,Dominican Republic,1943,0,1,,1.8835,1.8835
115,Suriname,511,Zanzibar,1943,0,1,,1.8835,1.8835
115,Suriname,110,Guyana,1943,261160,1,,1.8835,1.8835
115,Suriname,205,Ireland,1943,0,1,,1.8835,1.8835
115,Suriname,660,Lebanon,1943,0,1,,1.8835,1.8835
115,Suriname,70,Mexico,1943,18091,1,,1.8835,1.8835
115,Suriname,1069,Aruba,1943,16882,1,,1.8835,1.8835
115,Suriname,51,Jamaica,1943,0,1,,1.8835,1.8835
115,Suriname,41,Haiti,1943,0,1,,1.8835,1.8835
115,Suriname,130,Ecuador,1943,4973,1,,1.8835,1.8835
115,Suriname,315,Czechoslovakia,1943,23077,1,,1.8835,1.8835
115,Suriname,91,Honduras,1943,0,1,,1.8835,1.8835
115,Suriname,140,Brazil,1943,3365993,1,,1.8835,1.8835
115,Suriname,325,Italy,1943,417,1,,1.8835,1.8835
115,Suriname,212,Luxembourg,1943,0,1,,1.8835,1.8835
115,Suriname,367,Latvia,1943,0,1,,1.8835,1.8835
115,Suriname,554,Rhodesia,1943,0,1,,1.8835,1.8835
115,Suriname,6,Puerto Rico,1943,81944,1,,1.8835,1.8835
115,Suriname,52,Trinidad And Tobago,1943,1185555,1,,1.8835,1.8835
115,Suriname,827,Straits Settlement,1943,0,1,,1.8835,1.8835
115,Suriname,385,Norway,1943,0,1,,1.8835,1.8835
115,Suriname,90,Guatemala,1943,36147,1,,1.8835,1.8835
115,Suriname,20,Canada,1943,246673,1,,1.8835,1.8835
115,Suriname,68,Netherlands Antilles,1943,0,1,,1.8835,1.8835
115,Suriname,96,Panama Canal Zone,1943,0,1,,1.8835,1.8835
115,Suriname,652,Syria,1943,0,1,,1.8835,1.8835
115,Suriname,640,Turkey,1943,0,1,,1.8835,1.8835
115,Suriname,380,Sweden,1943,0,1,,1.8835,1.8835
115,Suriname,401,Madeira,1943,0,1,,1.8835,1.8835
115,Suriname,165,Uruguay,1943,10973,1,,1.8835,1.8835
115,Suriname,211,Belgium,1943,0,1,,1.8835,1.8835
115,Suriname,740,Japan,1943,40,1,,1.8835,1.8835
115,Suriname,57,St. Vincent And The Grenadines,1943,0,1,,1.8835,1.8835
115,Suriname,710,China,1943,0,1,,1.8835,1.8835
115,Suriname,2,United States,1943,11525414,1,,1.8835,1.8835
115,Suriname,56,St. Lucia,1943,0,1,,1.8835,1.8835
115,Suriname,101,Venezuela,1943,64929,1,,1.8835,1.8835
115,Suriname,8501,Java,1943,0,1,,1.8835,1.8835
115,Suriname,900,Australia,1943,0,1,,1.8835,1.8835
115,Suriname,780,Sri Lanka,1943,4839,1,,1.8835,1.8835
115,Suriname,155,Chile,1943,13316,1,,1.8835,1.8835
115,Suriname,135,Peru,1943,0,1,,1.8835,1.8835
115,Suriname,310,Hungary,1943,0,1,,1.8835,1.8835
115,Suriname,290,Poland,1943,0,1,,1.8835,1.8835
115,Suriname,231,Gibraltar,1943,0,1,,1.8835,1.8835
115,Suriname,120,French Guiana,1943,160823,1,,1.8835,1.8835
115,Suriname,220,France,1944,0,1,,1.8835,1.8835
115,Suriname,6,Puerto Rico,1944,134655,1,,1.8835,1.8835
115,Suriname,51,Jamaica,1944,3967,1,,1.8835,1.8835
115,Suriname,3,Alaska,1944,0,1,,1.8835,1.8835
115,Suriname,315,Czechoslovakia,1944,0,1,,1.8835,1.8835
115,Suriname,345,Yugoslavia,1944,0,1,,1.8835,1.8835
115,Suriname,920,New Zealand,1944,0,1,,1.8835,1.8835
115,Suriname,830,Singapore,1944,0,1,,1.8835,1.8835
115,Suriname,2,United States,1944,9328993,1,,1.8835,1.8835
115,Suriname,365,Russia,1944,0,1,,1.8835,1.8835
115,Suriname,255,Germany,1944,0,1,,1.8835,1.8835
115,Suriname,900,Australia,1944,0,1,,1.8835,1.8835
115,Suriname,211,Belgium,1944,0,1,,1.8835,1.8835
115,Suriname,1069,Aruba,1944,0,1,,1.8835,1.8835
115,Suriname,750,India,1944,70259,1,,1.8835,1.8835
115,Suriname,1062,Anguilla,1944,0,1,,1.8835,1.8835
115,Suriname,70,Mexico,1944,24246,1,,1.8835,1.8835
115,Suriname,90,Guatemala,1944,34835,1,,1.8835,1.8835
115,Suriname,366,Estonia,1944,0,1,,1.8835,1.8835
115,Suriname,511,Zanzibar,1944,0,1,,1.8835,1.8835
115,Suriname,367,Latvia,1944,0,1,,1.8835,1.8835
115,Suriname,40,Cuba,1944,11743,1,,1.8835,1.8835
115,Suriname,390,Denmark,1944,0,1,,1.8835,1.8835
115,Suriname,630,Iran,1944,0,1,,1.8835,1.8835
115,Suriname,290,Poland,1944,0,1,,1.8835,1.8835
115,Suriname,325,Italy,1944,0,1,,1.8835,1.8835
115,Suriname,57,St. Vincent And The Grenadines,1944,0,1,,1.8835,1.8835
115,Suriname,95,Panama,1944,150,1,,1.8835,1.8835
115,Suriname,205,Ireland,1944,0,1,,1.8835,1.8835
115,Suriname,20,Canada,1944,286749,1,,1.8835,1.8835
115,Suriname,135,Peru,1944,0,1,,1.8835,1.8835
115,Suriname,235,Portugal,1944,174,1,,1.8835,1.8835
115,Suriname,640,Turkey,1944,0,1,,1.8835,1.8835
115,Suriname,65,Guadeloupe,1944,17,1,,1.8835,1.8835
115,Suriname,55,Grenada,1944,498,1,,1.8835,1.8835
115,Suriname,41,Haiti,1944,0,1,,1.8835,1.8835
115,Suriname,310,Hungary,1944,0,1,,1.8835,1.8835
115,Suriname,160,Argentina,1944,2323968,1,,1.8835,1.8835
115,Suriname,1065,Curacao,1944,417655,1,,1.8835,1.8835
115,Suriname,200,United Kingdom,1944,649103,1,,1.8835,1.8835
115,Suriname,780,Sri Lanka,1944,0,1,,1.8835,1.8835
115,Suriname,652,Syria,1944,0,1,,1.8835,1.8835
115,Suriname,91,Honduras,1944,0,1,,1.8835,1.8835
115,Suriname,1066,Bonaire,1944,0,1,,1.8835,1.8835
115,Suriname,140,Brazil,1944,492966,1,,1.8835,1.8835
115,Suriname,210,Netherlands,1944,0,1,,1.8835,1.8835
115,Suriname,554,Rhodesia,1944,0,1,,1.8835,1.8835
115,Suriname,42,Dominican Republic,1944,0,1,,1.8835,1.8835
115,Suriname,54,Dominica,1944,9539,1,,1.8835,1.8835
115,Suriname,53,Barbados,1944,16692,1,,1.8835,1.8835
115,Suriname,385,Norway,1944,0,1,,1.8835,1.8835
115,Suriname,665,West Bank And Gaza,1944,0,1,,1.8835,1.8835
115,Suriname,401,Madeira,1944,0,1,,1.8835,1.8835
115,Suriname,58,Antigua And Barbuda,1944,0,1,,1.8835,1.8835
115,Suriname,850,Indonesia,1944,0,1,,1.8835,1.8835
115,Suriname,96,Panama Canal Zone,1944,0,1,,1.8835,1.8835
115,Suriname,355,Bulgaria,1944,0,1,,1.8835,1.8835
115,Suriname,800,Thailand,1944,0,1,,1.8835,1.8835
115,Suriname,231,Gibraltar,1944,0,1,,1.8835,1.8835
115,Suriname,660,Lebanon,1944,0,1,,1.8835,1.8835
115,Suriname,645,Iraq,1944,0,1,,1.8835,1.8835
115,Suriname,110,Guyana,1944,344286,1,,1.8835,1.8835
115,Suriname,827,Straits Settlement,1944,0,1,,1.8835,1.8835
115,Suriname,101,Venezuela,1944,71748,1,,1.8835,1.8835
115,Suriname,68,Netherlands Antilles,1944,0,1,,1.8835,1.8835
115,Suriname,52,Trinidad And Tobago,1944,1201437,1,,1.8835,1.8835
115,Suriname,66,Martinique,1944,12036,1,,1.8835,1.8835
115,Suriname,165,Uruguay,1944,10167,1,,1.8835,1.8835
115,Suriname,120,French Guiana,1944,120702,1,,1.8835,1.8835
115,Suriname,651,Egypt,1944,0,1,,1.8835,1.8835
115,Suriname,225,Switzerland,1944,8802,1,,1.8835,1.8835
115,Suriname,8501,Java,1944,0,1,,1.8835,1.8835
115,Suriname,230,Spain,1944,0,1,,1.8835,1.8835
115,Suriname,56,St. Lucia,1944,0,1,,1.8835,1.8835
115,Suriname,710,China,1944,0,1,,1.8835,1.8835
115,Suriname,740,Japan,1944,0,1,,1.8835,1.8835
115,Suriname,155,Chile,1944,47686,1,,1.8835,1.8835
115,Suriname,380,Sweden,1944,0,1,,1.8835,1.8835
115,Suriname,100,Colombia,1944,21965,1,,1.8835,1.8835
115,Suriname,130,Ecuador,1944,10,1,,1.8835,1.8835
115,Suriname,,,1944,15645640,1,,1.8835,1.8835
115,Suriname,770,Pakistan,1944,0,1,,1.8835,1.8835
115,Suriname,305,Austria,1944,0,1,,1.8835,1.8835
115,Suriname,212,Luxembourg,1944,0,1,,1.8835,1.8835
115,Suriname,390,Denmark,1945,0,1,,1.8846333,1.8846333
115,Suriname,740,Japan,1945,0,1,,1.8846333,1.8846333
115,Suriname,210,Netherlands,1945,26735,1,,1.8846333,1.8846333
115,Suriname,120,French Guiana,1945,177144,1,,1.8846333,1.8846333
115,Suriname,101,Venezuela,1945,9587,1,,1.8846333,1.8846333
115,Suriname,58,Antigua And Barbuda,1945,4282,1,,1.8846333,1.8846333
115,Suriname,230,Spain,1945,0,1,,1.8846333,1.8846333
115,Suriname,850,Indonesia,1945,0,1,,1.8846333,1.8846333
115,Suriname,770,Pakistan,1945,0,1,,1.8846333,1.8846333
115,Suriname,800,Thailand,1945,0,1,,1.8846333,1.8846333
115,Suriname,231,Gibraltar,1945,0,1,,1.8846333,1.8846333
115,Suriname,110,Guyana,1945,525427,1,,1.8846333,1.8846333
115,Suriname,140,Brazil,1945,196792,1,,1.8846333,1.8846333
115,Suriname,41,Haiti,1945,7514,1,,1.8846333,1.8846333
115,Suriname,6,Puerto Rico,1945,89240,1,,1.8846333,1.8846333
115,Suriname,68,Netherlands Antilles,1945,0,1,,1.8846333,1.8846333
115,Suriname,57,St. Vincent And The Grenadines,1945,0,1,,1.8846333,1.8846333
115,Suriname,56,St. Lucia,1945,0,1,,1.8846333,1.8846333
115,Suriname,305,Austria,1945,0,1,,1.8846333,1.8846333
115,Suriname,630,Iran,1945,0,1,,1.8846333,1.8846333
115,Suriname,325,Italy,1945,0,1,,1.8846333,1.8846333
115,Suriname,225,Switzerland,1945,6303,1,,1.8846333,1.8846333
115,Suriname,8501,Java,1945,0,1,,1.8846333,1.8846333
115,Suriname,1065,Curacao,1945,390811,1,,1.8846333,1.8846333
115,Suriname,,,1945,12627835,1,,1.8846333,1.8846333
115,Suriname,665,West Bank And Gaza,1945,0,1,,1.8846333,1.8846333
115,Suriname,160,Argentina,1945,1796043,1,,1.8846333,1.8846333
115,Suriname,401,Madeira,1945,0,1,,1.8846333,1.8846333
115,Suriname,220,France,1945,0,1,,1.8846333,1.8846333
115,Suriname,365,Russia,1945,0,1,,1.8846333,1.8846333
115,Suriname,652,Syria,1945,0,1,,1.8846333,1.8846333
115,Suriname,205,Ireland,1945,0,1,,1.8846333,1.8846333
115,Suriname,554,Rhodesia,1945,0,1,,1.8846333,1.8846333
115,Suriname,315,Czechoslovakia,1945,0,1,,1.8846333,1.8846333
115,Suriname,200,United Kingdom,1945,593504,1,,1.8846333,1.8846333
115,Suriname,100,Colombia,1945,3030,1,,1.8846333,1.8846333
115,Suriname,380,Sweden,1945,0,1,,1.8846333,1.8846333
115,Suriname,211,Belgium,1945,0,1,,1.8846333,1.8846333
115,Suriname,385,Norway,1945,0,1,,1.8846333,1.8846333
115,Suriname,900,Australia,1945,31,1,,1.8846333,1.8846333
115,Suriname,660,Lebanon,1945,0,1,,1.8846333,1.8846333
115,Suriname,3,Alaska,1945,0,1,,1.8846333,1.8846333
115,Suriname,70,Mexico,1945,72850,1,,1.8846333,1.8846333
115,Suriname,367,Latvia,1945,0,1,,1.8846333,1.8846333
115,Suriname,95,Panama,1945,0,1,,1.8846333,1.8846333
115,Suriname,2,United States,1945,7243296,1,,1.8846333,1.8846333
115,Suriname,310,Hungary,1945,0,1,,1.8846333,1.8846333
115,Suriname,40,Cuba,1945,14424,1,,1.8846333,1.8846333
115,Suriname,135,Peru,1945,0,1,,1.8846333,1.8846333
115,Suriname,53,Barbados,1945,47415,1,,1.8846333,1.8846333
115,Suriname,366,Estonia,1945,0,1,,1.8846333,1.8846333
115,Suriname,290,Poland,1945,0,1,,1.8846333,1.8846333
115,Suriname,55,Grenada,1945,1544,1,,1.8846333,1.8846333
115,Suriname,511,Zanzibar,1945,22217,1,,1.8846333,1.8846333
115,Suriname,780,Sri Lanka,1945,0,1,,1.8846333,1.8846333
115,Suriname,1066,Bonaire,1945,0,1,,1.8846333,1.8846333
115,Suriname,645,Iraq,1945,0,1,,1.8846333,1.8846333
115,Suriname,212,Luxembourg,1945,0,1,,1.8846333,1.8846333
115,Suriname,52,Trinidad And Tobago,1945,990254,1,,1.8846333,1.8846333
115,Suriname,66,Martinique,1945,0,1,,1.8846333,1.8846333
115,Suriname,640,Turkey,1945,0,1,,1.8846333,1.8846333
115,Suriname,355,Bulgaria,1945,0,1,,1.8846333,1.8846333
115,Suriname,1062,Anguilla,1945,0,1,,1.8846333,1.8846333
115,Suriname,42,Dominican Republic,1945,0,1,,1.8846333,1.8846333
115,Suriname,710,China,1945,200,1,,1.8846333,1.8846333
115,Suriname,827,Straits Settlement,1945,0,1,,1.8846333,1.8846333
115,Suriname,750,India,1945,0,1,,1.8846333,1.8846333
115,Suriname,235,Portugal,1945,8872,1,,1.8846333,1.8846333
115,Suriname,155,Chile,1945,98907,1,,1.8846333,1.8846333
115,Suriname,255,Germany,1945,0,1,,1.8846333,1.8846333
115,Suriname,90,Guatemala,1945,5128,1,,1.8846333,1.8846333
115,Suriname,51,Jamaica,1945,4897,1,,1.8846333,1.8846333
115,Suriname,91,Honduras,1945,0,1,,1.8846333,1.8846333
115,Suriname,651,Egypt,1945,0,1,,1.8846333,1.8846333
115,Suriname,65,Guadeloupe,1945,15,1,,1.8846333,1.8846333
115,Suriname,345,Yugoslavia,1945,0,1,,1.8846333,1.8846333
115,Suriname,830,Singapore,1945,0,1,,1.8846333,1.8846333
115,Suriname,1069,Aruba,1945,0,1,,1.8846333,1.8846333
115,Suriname,54,Dominica,1945,0,1,,1.8846333,1.8846333
115,Suriname,96,Panama Canal Zone,1945,0,1,,1.8846333,1.8846333
115,Suriname,165,Uruguay,1945,69024,1,,1.8846333,1.8846333
115,Suriname,20,Canada,1945,212586,1,,1.8846333,1.8846333
115,Suriname,920,New Zealand,1945,0,1,,1.8846333,1.8846333
115,Suriname,130,Ecuador,1945,7397,1,,1.8846333,1.8846333
115,Suriname,900,Australia,1946,102,1,,1.885,1.885
115,Suriname,225,Switzerland,1946,26079,1,,1.885,1.885
115,Suriname,205,Ireland,1946,0,1,,1.885,1.885
115,Suriname,652,Syria,1946,0,1,,1.885,1.885
115,Suriname,165,Uruguay,1946,52819,1,,1.885,1.885
115,Suriname,52,Trinidad And Tobago,1946,1531271,1,,1.885,1.885
115,Suriname,6,Puerto Rico,1946,65,1,,1.885,1.885
115,Suriname,255,Germany,1946,0,1,,1.885,1.885
115,Suriname,367,Latvia,1946,0,1,,1.885,1.885
115,Suriname,230,Spain,1946,0,1,,1.885,1.885
115,Suriname,305,Austria,1946,0,1,,1.885,1.885
115,Suriname,90,Guatemala,1946,7553,1,,1.885,1.885
115,Suriname,380,Sweden,1946,17230,1,,1.885,1.885
115,Suriname,850,Indonesia,1946,0,1,,1.885,1.885
115,Suriname,235,Portugal,1946,13755,1,,1.885,1.885
115,Suriname,2,United States,1946,8692308,1,,1.885,1.885
115,Suriname,8501,Java,1946,0,1,,1.885,1.885
115,Suriname,66,Martinique,1946,956,1,,1.885,1.885
115,Suriname,920,New Zealand,1946,0,1,,1.885,1.885
115,Suriname,210,Netherlands,1946,1577553,1,,1.885,1.885
115,Suriname,200,United Kingdom,1946,948508,1,,1.885,1.885
115,Suriname,750,India,1946,9691,1,,1.885,1.885
115,Suriname,345,Yugoslavia,1946,0,1,,1.885,1.885
115,Suriname,660,Lebanon,1946,0,1,,1.885,1.885
115,Suriname,365,Russia,1946,825,1,,1.885,1.885
115,Suriname,366,Estonia,1946,0,1,,1.885,1.885
115,Suriname,1066,Bonaire,1946,0,1,,1.885,1.885
115,Suriname,41,Haiti,1946,8133,1,,1.885,1.885
115,Suriname,42,Dominican Republic,1946,0,1,,1.885,1.885
115,Suriname,51,Jamaica,1946,26832,1,,1.885,1.885
115,Suriname,401,Madeira,1946,90602,1,,1.885,1.885
115,Suriname,554,Rhodesia,1946,0,1,,1.885,1.885
115,Suriname,40,Cuba,1946,270,1,,1.885,1.885
115,Suriname,220,France,1946,15084,1,,1.885,1.885
115,Suriname,91,Honduras,1946,0,1,,1.885,1.885
115,Suriname,325,Italy,1946,0,1,,1.885,1.885
115,Suriname,231,Gibraltar,1946,0,1,,1.885,1.885
115,Suriname,740,Japan,1946,0,1,,1.885,1.885
115,Suriname,70,Mexico,1946,11705,1,,1.885,1.885
115,Suriname,511,Zanzibar,1946,0,1,,1.885,1.885
115,Suriname,310,Hungary,1946,0,1,,1.885,1.885
115,Suriname,140,Brazil,1946,76325,1,,1.885,1.885
115,Suriname,212,Luxembourg,1946,0,1,,1.885,1.885
115,Suriname,290,Poland,1946,0,1,,1.885,1.885
115,Suriname,65,Guadeloupe,1946,0,1,,1.885,1.885
115,Suriname,135,Peru,1946,0,1,,1.885,1.885
115,Suriname,55,Grenada,1946,418,1,,1.885,1.885
115,Suriname,1069,Aruba,1946,0,1,,1.885,1.885
115,Suriname,68,Netherlands Antilles,1946,0,1,,1.885,1.885
115,Suriname,355,Bulgaria,1946,0,1,,1.885,1.885
115,Suriname,57,St. Vincent And The Grenadines,1946,0,1,,1.885,1.885
115,Suriname,780,Sri Lanka,1946,0,1,,1.885,1.885
115,Suriname,211,Belgium,1946,51750,1,,1.885,1.885
115,Suriname,710,China,1946,4239,1,,1.885,1.885
115,Suriname,58,Antigua And Barbuda,1946,0,1,,1.885,1.885
115,Suriname,630,Iran,1946,0,1,,1.885,1.885
115,Suriname,53,Barbados,1946,49056,1,,1.885,1.885
115,Suriname,110,Guyana,1946,322404,1,,1.885,1.885
115,Suriname,770,Pakistan,1946,0,1,,1.885,1.885
115,Suriname,1065,Curacao,1946,460620,1,,1.885,1.885
115,Suriname,56,St. Lucia,1946,0,1,,1.885,1.885
115,Suriname,827,Straits Settlement,1946,0,1,,1.885,1.885
115,Suriname,120,French Guiana,1946,32447,1,,1.885,1.885
115,Suriname,100,Colombia,1946,18834,1,,1.885,1.885
115,Suriname,95,Panama,1946,21717,1,,1.885,1.885
115,Suriname,160,Argentina,1946,1064825,1,,1.885,1.885
115,Suriname,155,Chile,1946,63416,1,,1.885,1.885
115,Suriname,385,Norway,1946,0,1,,1.885,1.885
115,Suriname,1062,Anguilla,1946,0,1,,1.885,1.885
115,Suriname,645,Iraq,1946,0,1,,1.885,1.885
115,Suriname,665,West Bank And Gaza,1946,0,1,,1.885,1.885
115,Suriname,96,Panama Canal Zone,1946,2217,1,,1.885,1.885
115,Suriname,830,Singapore,1946,0,1,,1.885,1.885
115,Suriname,390,Denmark,1946,0,1,,1.885,1.885
115,Suriname,640,Turkey,1946,0,1,,1.885,1.885
115,Suriname,20,Canada,1946,362157,1,,1.885,1.885
115,Suriname,651,Egypt,1946,0,1,,1.885,1.885
115,Suriname,,,1946,15567893,1,,1.885,1.885
115,Suriname,101,Venezuela,1946,2350,1,,1.885,1.885
115,Suriname,130,Ecuador,1946,0,1,,1.885,1.885
115,Suriname,315,Czechoslovakia,1946,453,1,,1.885,1.885
115,Suriname,800,Thailand,1946,0,1,,1.885,1.885
115,Suriname,54,Dominica,1946,0,1,,1.885,1.885
115,Suriname,3,Alaska,1946,0,1,,1.885,1.885
115,Suriname,65,Guadeloupe,1947,0,1,,1.885,1.885
115,Suriname,130,Ecuador,1947,1860,1,,1.885,1.885
115,Suriname,58,Antigua And Barbuda,1947,200,1,,1.885,1.885
115,Suriname,511,Zanzibar,1947,0,1,,1.885,1.885
115,Suriname,645,Iraq,1947,0,1,,1.885,1.885
115,Suriname,750,India,1947,86083,1,,1.885,1.885
115,Suriname,800,Thailand,1947,0,1,,1.885,1.885
115,Suriname,20,Canada,1947,513865,1,,1.885,1.885
115,Suriname,51,Jamaica,1947,10687,1,,1.885,1.885
115,Suriname,380,Sweden,1947,17362,1,,1.885,1.885
115,Suriname,345,Yugoslavia,1947,0,1,,1.885,1.885
115,Suriname,740,Japan,1947,0,1,,1.885,1.885
115,Suriname,110,Guyana,1947,196074,1,,1.885,1.885
115,Suriname,290,Poland,1947,0,1,,1.885,1.885
115,Suriname,827,Straits Settlement,1947,0,1,,1.885,1.885
115,Suriname,53,Barbados,1947,91075,1,,1.885,1.885
115,Suriname,101,Venezuela,1947,4829,1,,1.885,1.885
115,Suriname,40,Cuba,1947,476,1,,1.885,1.885
115,Suriname,41,Haiti,1947,4201,1,,1.885,1.885
115,Suriname,6,Puerto Rico,1947,30608,1,,1.885,1.885
115,Suriname,160,Argentina,1947,970282,1,,1.885,1.885
115,Suriname,91,Honduras,1947,0,1,,1.885,1.885
115,Suriname,1065,Curacao,1947,397327,1,,1.885,1.885
115,Suriname,155,Chile,1947,0,1,,1.885,1.885
115,Suriname,54,Dominica,1947,226075,1,,1.885,1.885
115,Suriname,52,Trinidad And Tobago,1947,1729043,1,,1.885,1.885
115,Suriname,57,St. Vincent And The Grenadines,1947,0,1,,1.885,1.885
115,Suriname,310,Hungary,1947,0,1,,1.885,1.885
115,Suriname,2,United States,1947,17885479,1,,1.885,1.885
115,Suriname,850,Indonesia,1947,0,1,,1.885,1.885
115,Suriname,200,United Kingdom,1947,1193477,1,,1.885,1.885
115,Suriname,8501,Java,1947,0,1,,1.885,1.885
115,Suriname,640,Turkey,1947,0,1,,1.885,1.885
115,Suriname,231,Gibraltar,1947,0,1,,1.885,1.885
115,Suriname,305,Austria,1947,0,1,,1.885,1.885
115,Suriname,920,New Zealand,1947,0,1,,1.885,1.885
115,Suriname,770,Pakistan,1947,0,1,,1.885,1.885
115,Suriname,135,Peru,1947,0,1,,1.885,1.885
115,Suriname,780,Sri Lanka,1947,0,1,,1.885,1.885
115,Suriname,120,French Guiana,1947,33711,1,,1.885,1.885
115,Suriname,68,Netherlands Antilles,1947,0,1,,1.885,1.885
115,Suriname,315,Czechoslovakia,1947,8266,1,,1.885,1.885
115,Suriname,96,Panama Canal Zone,1947,0,1,,1.885,1.885
115,Suriname,355,Bulgaria,1947,0,1,,1.885,1.885
115,Suriname,212,Luxembourg,1947,0,1,,1.885,1.885
115,Suriname,70,Mexico,1947,19383,1,,1.885,1.885
115,Suriname,366,Estonia,1947,0,1,,1.885,1.885
115,Suriname,220,France,1947,33599,1,,1.885,1.885
115,Suriname,1062,Anguilla,1947,0,1,,1.885,1.885
115,Suriname,66,Martinique,1947,179,1,,1.885,1.885
115,Suriname,365,Russia,1947,0,1,,1.885,1.885
115,Suriname,235,Portugal,1947,41441,1,,1.885,1.885
115,Suriname,660,Lebanon,1947,0,1,,1.885,1.885
115,Suriname,90,Guatemala,1947,0,1,,1.885,1.885
115,Suriname,385,Norway,1947,23876,1,,1.885,1.885
115,Suriname,255,Germany,1947,0,1,,1.885,1.885
115,Suriname,,,1947,30902940,1,,1.885,1.885
115,Suriname,100,Colombia,1947,11792,1,,1.885,1.885
115,Suriname,830,Singapore,1947,0,1,,1.885,1.885
115,Suriname,900,Australia,1947,155,1,,1.885,1.885
115,Suriname,390,Denmark,1947,58070,1,,1.885,1.885
115,Suriname,230,Spain,1947,155,1,,1.885,1.885
115,Suriname,554,Rhodesia,1947,0,1,,1.885,1.885
115,Suriname,325,Italy,1947,11194,1,,1.885,1.885
115,Suriname,42,Dominican Republic,1947,0,1,,1.885,1.885
115,Suriname,205,Ireland,1947,0,1,,1.885,1.885
115,Suriname,652,Syria,1947,0,1,,1.885,1.885
115,Suriname,140,Brazil,1947,432314,1,,1.885,1.885
115,Suriname,95,Panama,1947,45576,1,,1.885,1.885
115,Suriname,225,Switzerland,1947,57294,1,,1.885,1.885
115,Suriname,630,Iran,1947,0,1,,1.885,1.885
115,Suriname,710,China,1947,135769,1,,1.885,1.885
115,Suriname,1066,Bonaire,1947,0,1,,1.885,1.885
115,Suriname,367,Latvia,1947,0,1,,1.885,1.885
115,Suriname,651,Egypt,1947,0,1,,1.885,1.885
115,Suriname,665,West Bank And Gaza,1947,0,1,,1.885,1.885
115,Suriname,165,Uruguay,1947,111568,1,,1.885,1.885
115,Suriname,401,Madeira,1947,92976,1,,1.885,1.885
115,Suriname,211,Belgium,1947,258659,1,,1.885,1.885
115,Suriname,210,Netherlands,1947,6085439,1,,1.885,1.885
115,Suriname,56,St. Lucia,1947,50865,1,,1.885,1.885
115,Suriname,1069,Aruba,1947,0,1,,1.885,1.885
115,Suriname,3,Alaska,1947,0,1,,1.885,1.885
115,Suriname,55,Grenada,1947,824,1,,1.885,1.885
115,Suriname,100,Colombia,1948,4392,1,,1.885,1.885
115,Suriname,310,Hungary,1948,704,1,,1.885,1.885
115,Suriname,65,Guadeloupe,1948,0,1,,1.885,1.885
115,Suriname,385,Norway,1948,14913,1,,1.885,1.885
115,Suriname,355,Bulgaria,1948,0,1,,1.885,1.885
115,Suriname,90,Guatemala,1948,6366,1,,1.885,1.885
115,Suriname,645,Iraq,1948,0,1,,1.885,1.885
115,Suriname,91,Honduras,1948,1939,1,,1.885,1.885
115,Suriname,51,Jamaica,1948,52050,1,,1.885,1.885
115,Suriname,830,Singapore,1948,0,1,,1.885,1.885
115,Suriname,96,Panama Canal Zone,1948,0,1,,1.885,1.885
115,Suriname,212,Luxembourg,1948,0,1,,1.885,1.885
115,Suriname,40,Cuba,1948,155,1,,1.885,1.885
115,Suriname,740,Japan,1948,1152,1,,1.885,1.885
115,Suriname,850,Indonesia,1948,542,1,,1.885,1.885
115,Suriname,652,Syria,1948,0,1,,1.885,1.885
115,Suriname,800,Thailand,1948,0,1,,1.885,1.885
115,Suriname,2,United States,1948,17740885,1,,1.885,1.885
115,Suriname,155,Chile,1948,9870,1,,1.885,1.885
115,Suriname,325,Italy,1948,49809,1,,1.885,1.885
115,Suriname,,,1948,36129174,1,,1.885,1.885
115,Suriname,160,Argentina,1948,619732,1,,1.885,1.885
115,Suriname,365,Russia,1948,0,1,,1.885,1.885
115,Suriname,120,French Guiana,1948,92355,1,,1.885,1.885
115,Suriname,640,Turkey,1948,0,1,,1.885,1.885
115,Suriname,345,Yugoslavia,1948,0,1,,1.885,1.885
115,Suriname,290,Poland,1948,0,1,,1.885,1.885
115,Suriname,231,Gibraltar,1948,0,1,,1.885,1.885
115,Suriname,380,Sweden,1948,62603,1,,1.885,1.885
115,Suriname,211,Belgium,1948,487845,1,,1.885,1.885
115,Suriname,66,Martinique,1948,0,1,,1.885,1.885
115,Suriname,1069,Aruba,1948,0,1,,1.885,1.885
115,Suriname,827,Straits Settlement,1948,0,1,,1.885,1.885
115,Suriname,58,Antigua And Barbuda,1948,0,1,,1.885,1.885
115,Suriname,8501,Java,1948,0,1,,1.885,1.885
115,Suriname,54,Dominica,1948,0,1,,1.885,1.885
115,Suriname,900,Australia,1948,0,1,,1.885,1.885
115,Suriname,165,Uruguay,1948,17675,1,,1.885,1.885
115,Suriname,55,Grenada,1948,1497,1,,1.885,1.885
115,Suriname,651,Egypt,1948,1340,1,,1.885,1.885
115,Suriname,220,France,1948,110467,1,,1.885,1.885
115,Suriname,390,Denmark,1948,11464,1,,1.885,1.885
115,Suriname,56,St. Lucia,1948,0,1,,1.885,1.885
115,Suriname,1066,Bonaire,1948,0,1,,1.885,1.885
115,Suriname,366,Estonia,1948,0,1,,1.885,1.885
115,Suriname,305,Austria,1948,406,1,,1.885,1.885
115,Suriname,710,China,1948,101694,1,,1.885,1.885
115,Suriname,42,Dominican Republic,1948,0,1,,1.885,1.885
115,Suriname,660,Lebanon,1948,0,1,,1.885,1.885
115,Suriname,630,Iran,1948,0,1,,1.885,1.885
115,Suriname,95,Panama,1948,40951,1,,1.885,1.885
115,Suriname,920,New Zealand,1948,0,1,,1.885,1.885
115,Suriname,140,Brazil,1948,286896,1,,1.885,1.885
115,Suriname,130,Ecuador,1948,25896,1,,1.885,1.885
115,Suriname,225,Switzerland,1948,61203,1,,1.885,1.885
115,Suriname,210,Netherlands,1948,11139210,1,,1.885,1.885
115,Suriname,110,Guyana,1948,116958,1,,1.885,1.885
115,Suriname,367,Latvia,1948,0,1,,1.885,1.885
115,Suriname,235,Portugal,1948,28730,1,,1.885,1.885
115,Suriname,554,Rhodesia,1948,0,1,,1.885,1.885
115,Suriname,135,Peru,1948,0,1,,1.885,1.885
115,Suriname,1062,Anguilla,1948,0,1,,1.885,1.885
115,Suriname,200,United Kingdom,1948,1364911,1,,1.885,1.885
115,Suriname,1065,Curacao,1948,192100,1,,1.885,1.885
115,Suriname,101,Venezuela,1948,84596,1,,1.885,1.885
115,Suriname,70,Mexico,1948,17608,1,,1.885,1.885
115,Suriname,41,Haiti,1948,4044,1,,1.885,1.885
115,Suriname,230,Spain,1948,4814,1,,1.885,1.885
115,Suriname,6,Puerto Rico,1948,16671,1,,1.885,1.885
115,Suriname,511,Zanzibar,1948,0,1,,1.885,1.885
115,Suriname,53,Barbados,1948,68952,1,,1.885,1.885
115,Suriname,20,Canada,1948,850031,1,,1.885,1.885
115,Suriname,315,Czechoslovakia,1948,73182,1,,1.885,1.885
115,Suriname,401,Madeira,1948,75908,1,,1.885,1.885
115,Suriname,57,St. Vincent And The Grenadines,1948,0,1,,1.885,1.885
115,Suriname,52,Trinidad And Tobago,1948,2170402,1,,1.885,1.885
115,Suriname,205,Ireland,1948,0,1,,1.885,1.885
115,Suriname,780,Sri Lanka,1948,675,1,,1.885,1.885
115,Suriname,770,Pakistan,1948,0,1,,1.885,1.885
115,Suriname,255,Germany,1948,782,1,,1.885,1.885
115,Suriname,665,West Bank And Gaza,1948,0,1,,1.885,1.885
115,Suriname,750,India,1948,61682,1,,1.885,1.885
115,Suriname,68,Netherlands Antilles,1948,0,1,,1.885,1.885
115,Suriname,3,Alaska,1948,2939,1,,1.885,1.885
115,Suriname,20,Canada,1949,942683,1,,1.885,1.885
115,Suriname,2,United States,1949,19746672,1,,1.885,1.885
115,Suriname,101,Venezuela,1949,46319,1,,1.885,1.885
115,Suriname,155,Chile,1949,16983,1,,1.885,1.885
115,Suriname,96,Panama Canal Zone,1949,0,1,,1.885,1.885
115,Suriname,235,Portugal,1949,11257,1,,1.885,1.885
115,Suriname,390,Denmark,1949,6881,1,,1.885,1.885
115,Suriname,850,Indonesia,1949,207,1,,1.885,1.885
115,Suriname,51,Jamaica,1949,299,1,,1.885,1.885
115,Suriname,40,Cuba,1949,65,1,,1.885,1.885
115,Suriname,325,Italy,1949,65801,1,,1.885,1.885
115,Suriname,54,Dominica,1949,0,1,,1.885,1.885
115,Suriname,165,Uruguay,1949,7453,1,,1.885,1.885
115,Suriname,100,Colombia,1949,0,1,,1.885,1.885
115,Suriname,255,Germany,1949,26633,1,,1.885,1.885
115,Suriname,665,West Bank And Gaza,1949,0,1,,1.885,1.885
115,Suriname,225,Switzerland,1949,238178,1,,1.885,1.885
115,Suriname,1062,Anguilla,1949,0,1,,1.885,1.885
115,Suriname,366,Estonia,1949,0,1,,1.885,1.885
115,Suriname,770,Pakistan,1949,18,1,,1.885,1.885
115,Suriname,315,Czechoslovakia,1949,167815,1,,1.885,1.885
115,Suriname,830,Singapore,1949,855,1,,1.885,1.885
115,Suriname,3,Alaska,1949,0,1,,1.885,1.885
115,Suriname,380,Sweden,1949,65459,1,,1.885,1.885
115,Suriname,640,Turkey,1949,0,1,,1.885,1.885
115,Suriname,58,Antigua And Barbuda,1949,0,1,,1.885,1.885
115,Suriname,305,Austria,1949,1419,1,,1.885,1.885
115,Suriname,220,France,1949,143930,1,,1.885,1.885
115,Suriname,52,Trinidad And Tobago,1949,2444796,1,,1.885,1.885
115,Suriname,367,Latvia,1949,0,1,,1.885,1.885
115,Suriname,95,Panama,1949,58274,1,,1.885,1.885
115,Suriname,385,Norway,1949,8280,1,,1.885,1.885
115,Suriname,,,1949,37730945,1,,1.885,1.885
115,Suriname,345,Yugoslavia,1949,0,1,,1.885,1.885
115,Suriname,1069,Aruba,1949,0,1,,1.885,1.885
115,Suriname,800,Thailand,1949,0,1,,1.885,1.885
115,Suriname,660,Lebanon,1949,15,1,,1.885,1.885
115,Suriname,630,Iran,1949,0,1,,1.885,1.885
115,Suriname,205,Ireland,1949,0,1,,1.885,1.885
115,Suriname,130,Ecuador,1949,46682,1,,1.885,1.885
115,Suriname,68,Netherlands Antilles,1949,210236,1,,1.885,1.885
115,Suriname,200,United Kingdom,1949,1636985,1,,1.885,1.885
115,Suriname,750,India,1949,131434,1,,1.885,1.885
115,Suriname,211,Belgium,1949,317685,1,,1.885,1.885
115,Suriname,70,Mexico,1949,137131,1,,1.885,1.885
115,Suriname,90,Guatemala,1949,1922,1,,1.885,1.885
115,Suriname,160,Argentina,1949,670695,1,,1.885,1.885
115,Suriname,920,New Zealand,1949,0,1,,1.885,1.885
115,Suriname,652,Syria,1949,0,1,,1.885,1.885
115,Suriname,56,St. Lucia,1949,0,1,,1.885,1.885
115,Suriname,231,Gibraltar,1949,2996,1,,1.885,1.885
115,Suriname,53,Barbados,1949,77304,1,,1.885,1.885
115,Suriname,210,Netherlands,1949,9963981,1,,1.885,1.885
115,Suriname,511,Zanzibar,1949,0,1,,1.885,1.885
115,Suriname,740,Japan,1949,3864,1,,1.885,1.885
115,Suriname,290,Poland,1949,0,1,,1.885,1.885
115,Suriname,710,China,1949,208747,1,,1.885,1.885
115,Suriname,57,St. Vincent And The Grenadines,1949,0,1,,1.885,1.885
115,Suriname,41,Haiti,1949,0,1,,1.885,1.885
115,Suriname,135,Peru,1949,1007,1,,1.885,1.885
115,Suriname,65,Guadeloupe,1949,0,1,,1.885,1.885
115,Suriname,1065,Curacao,1949,0,1,,1.885,1.885
115,Suriname,120,French Guiana,1949,62674,1,,1.885,1.885
115,Suriname,401,Madeira,1949,11084,1,,1.885,1.885
115,Suriname,91,Honduras,1949,0,1,,1.885,1.885
115,Suriname,651,Egypt,1949,0,1,,1.885,1.885
115,Suriname,6,Puerto Rico,1949,55519,1,,1.885,1.885
115,Suriname,1066,Bonaire,1949,0,1,,1.885,1.885
115,Suriname,365,Russia,1949,0,1,,1.885,1.885
115,Suriname,645,Iraq,1949,0,1,,1.885,1.885
115,Suriname,8501,Java,1949,0,1,,1.885,1.885
115,Suriname,310,Hungary,1949,5540,1,,1.885,1.885
115,Suriname,900,Australia,1949,9,1,,1.885,1.885
115,Suriname,42,Dominican Republic,1949,604,1,,1.885,1.885
115,Suriname,140,Brazil,1949,68651,1,,1.885,1.885
115,Suriname,55,Grenada,1949,0,1,,1.885,1.885
115,Suriname,827,Straits Settlement,1949,0,1,,1.885,1.885
115,Suriname,355,Bulgaria,1949,0,1,,1.885,1.885
115,Suriname,554,Rhodesia,1949,0,1,,1.885,1.885
115,Suriname,66,Martinique,1949,94,1,,1.885,1.885
115,Suriname,230,Spain,1949,0,1,,1.885,1.885
115,Suriname,110,Guyana,1949,89661,1,,1.885,1.885
115,Suriname,780,Sri Lanka,1949,0,1,,1.885,1.885
115,Suriname,212,Luxembourg,1949,0,1,,1.885,1.885
115,Suriname,,,1918,,,,2.1406,2.1406
115,Suriname,,,1919,,,,2.5560918,2.5560918
115,Suriname,,,1920,,,,2.9265916,2.9265916
115,Suriname,,,1921,,,,2.9749999,2.9749999
115,Suriname,,,1922,,,,2.5991001,2.5991001
115,Suriname,,,1923,,,,2.5622084,2.5622084
115,Suriname,,,1924,,,,2.6860082,2.6860082
115,Suriname,,,1925,,,,2.4585249,2.4585249
115,Suriname,,,1926,,,,2.4740083,2.4740083
115,Suriname,,,1927,,,,2.4908082,2.4908082
115,Suriname,,,1928,,,,2.4865999,2.4865999
115,Suriname,,,1929,,,,2.4964001,2.4964001
115,Suriname,,,1930,,,,2.4860499,2.4860499
115,Suriname,,,1940,,,,1.8386917,1.8386917
115,Suriname,,,1941,,,,1.885,1.885
115,Suriname,,,1942,,,,1.8835083,1.8835083
115,Suriname,,,1950,,,,1.885,1.885
